 População Residente - Estudo de Estimativas Populacionais por Município, Idade e Sexo 2000-2021 - Brasil
População residente por Município
Faixa Etária 1: 0 a 4 anos
Período:2005
"Município";"População_residente"
"110001 ALTA FLORESTA D'OESTE";2498
"110002 ARIQUEMES";8351
"110003 CABIXI";715
"110004 CACOAL";7068
"110005 CEREJEIRAS";1602
"110006 COLORADO DO OESTE";1872
"110007 CORUMBIARA";842
"110008 COSTA MARQUES";1514
"110009 ESPIGAO D'OESTE";2858
"110010 GUAJARA-MIRIM";5036
"110011 JARU";5167
"110012 JI-PARANA";11219
"110013 MACHADINHO D'OESTE";3223
"110014 NOVA BRASILANDIA D'OESTE";1804
"110015 OURO PRETO DO OESTE";3727
"110018 PIMENTA BUENO";3225
"110020 PORTO VELHO";40122
"110025 PRESIDENTE MEDICI";2206
"110026 RIO CRESPO";324
"110028 ROLIM DE MOURA";4598
"110029 SANTA LUZIA D'OESTE";935
"110030 VILHENA";6885
"110032 SAO MIGUEL DO GUAPORE";2233
"110033 NOVA MAMORE";2366
"110034 ALVORADA D'OESTE";1778
"110037 ALTO ALEGRE DOS PARECIS";1369
"110040 ALTO PARAISO";1617
"110045 BURITIS";3343
"110050 NOVO HORIZONTE DO OESTE";1063
"110060 CACAULANDIA";593
"110070 CAMPO NOVO DE RONDONIA";1434
"110080 CANDEIAS DO JAMARI";2012
"110090 CASTANHEIRAS";320
"110092 CHUPINGUAIA";808
"110094 CUJUBIM";1407
"110100 GOVERNADOR JORGE TEIXEIRA";1159
"110110 ITAPUA DO OESTE";969
"110120 MINISTRO ANDREAZZA";1099
"110130 MIRANTE DA SERRA";1199
"110140 MONTE NEGRO";1448
"110143 NOVA UNIAO";766
"110145 PARECIS";496
"110146 PIMENTEIRAS DO OESTE";302
"110147 PRIMAVERA DE RONDONIA";340
"110148 SAO FELIPE D'OESTE";573
"110149 SAO FRANCISCO DO GUAPORE";1619
"110150 SERINGUEIRAS";1143
"110155 TEIXEIROPOLIS";458
"110160 THEOBROMA";1110
"110170 URUPA";1338
"110175 VALE DO ANARI";920
"110180 VALE DO PARAISO";807
"120001 ACRELANDIA";1478
"120005 ASSIS BRASIL";874
"120010 BRASILEIA";2401
"120013 BUJARI";1047
"120017 CAPIXABA";961
"120020 CRUZEIRO DO SUL";10956
"120025 EPITACIOLANDIA";1725
"120030 FEIJO";5902
"120032 JORDAO";1247
"120033 MANCIO LIMA";2191
"120034 MANOEL URBANO";1258
"120035 MARECHAL THAUMATURGO";2399
"120038 PLACIDO DE CASTRO";2343
"120039 PORTO WALTER";1733
"120040 RIO BRANCO";35968
"120042 RODRIGUES ALVES";2070
"120043 SANTA ROSA DO PURUS";775
"120045 SENADOR GUIOMARD";2530
"120050 SENA MADUREIRA";4744
"120060 TARAUACA";6074
"120070 XAPURI";1942
"120080 PORTO ACRE";1740
"130002 ALVARAES";2378
"130006 AMATURA";1266
"130008 ANAMA";1124
"130010 ANORI";1870
"130014 APUI";1653
"130020 ATALAIA DO NORTE";1910
"130030 AUTAZES";4283
"130040 BARCELOS";2863
"130050 BARREIRINHA";4264
"130060 BENJAMIN CONSTANT";4800
"130063 BERURI";2302
"130068 BOA VISTA DO RAMOS";1932
"130070 BOCA DO ACRE";3758
"130080 BORBA";4792
"130083 CAAPIRANGA";1395
"130090 CANUTAMA";1593
"130100 CARAUARI";3629
"130110 CAREIRO";3895
"130115 CAREIRO DA VARZEA";2383
"130120 COARI";9525
"130130 CODAJAS";2511
"130140 EIRUNEPE";4491
"130150 ENVIRA";2242
"130160 FONTE BOA";4317
"130165 GUAJARA";1838
"130170 HUMAITA";4506
"130180 IPIXUNA";3404
"130185 IRANDUBA";5069
"130190 ITACOATIARA";10566
"130195 ITAMARATI";1338
"130200 ITAPIRANGA";992
"130210 JAPURA";1647
"130220 JURUA";1340
"130230 JUTAI";3977
"130240 LABREA";4732
"130250 MANACAPURU";10387
"130255 MANAQUIRI";2453
"130260 MANAUS";167464
"130270 MANICORE";5638
"130280 MARAA";2911
"130290 MAUES";7507
"130300 NHAMUNDA";2204
"130310 NOVA OLINDA DO NORTE";3572
"130320 NOVO AIRAO";1745
"130330 NOVO ARIPUANA";2394
"130340 PARINTINS";13029
"130350 PAUINI";2940
"130353 PRESIDENTE FIGUEIREDO";2813
"130356 RIO PRETO DA EVA";2601
"130360 SANTA ISABEL DO RIO NEGRO";2713
"130370 SANTO ANTONIO DO ICA";4434
"130380 SAO GABRIEL DA CACHOEIRA";5066
"130390 SAO PAULO DE OLIVENCA";4310
"130395 SAO SEBASTIAO DO UATUMA";1258
"130400 SILVES";1261
"130406 TABATINGA";6922
"130410 TAPAUA";2748
"130420 TEFE";9491
"130423 TONANTINS";2685
"130426 UARINI";1934
"130430 URUCARA";2654
"130440 URUCURITUBA";2063
"140002 AMAJARI";1403
"140005 ALTO ALEGRE";3482
"140010 BOA VISTA";26591
"140015 BONFIM";1775
"140017 CANTA";1612
"140020 CARACARAI";2099
"140023 CAROEBE";918
"140028 IRACEMA";850
"140030 MUCAJAI";1615
"140040 NORMANDIA";1553
"140045 PACARAIMA";1493
"140047 RORAINOPOLIS";2343
"140050 SAO JOAO DA BALIZA";726
"140060 SAO LUIZ";566
"140070 UIRAMUTA";1617
"150010 ABAETETUBA";14457
"150013 ABEL FIGUEIREDO";780
"150020 ACARA";7518
"150030 AFUA";5160
"150034 AGUA AZUL DO NORTE";2261
"150040 ALENQUER";7412
"150050 ALMEIRIM";4783
"150060 ALTAMIRA";10387
"150070 ANAJAS";3872
"150080 ANANINDEUA";42658
"150085 ANAPU";2245
"150090 AUGUSTO CORREA";5512
"150095 AURORA DO PARA";2813
"150100 AVEIRO";2417
"150110 BAGRE";3083
"150120 BAIAO";3710
"150125 BANNACH";476
"150130 BARCARENA";10145
"150140 BELEM";119934
"150145 BELTERRA";2035
"150150 BENEVIDES";4789
"150157 BOM JESUS DO TOCANTINS";1680
"150160 BONITO";1528
"150170 BRAGANCA";12992
"150172 BRASIL NOVO";1935
"150175 BREJO GRANDE DO ARAGUAIA";967
"150178 BREU BRANCO";5889
"150180 BREVES";13915
"150190 BUJARU";3240
"150195 CACHOEIRA DO PIRIA";3333
"150200 CACHOEIRA DO ARARI";2303
"150210 CAMETA";14906
"150215 CANAA DOS CARAJAS";2392
"150220 CAPANEMA";6353
"150230 CAPITAO POCO";5875
"150240 CASTANHAL";16690
"150250 CHAVES";3116
"150260 COLARES";1437
"150270 CONCEICAO DO ARAGUAIA";5014
"150275 CONCORDIA DO PARA";3429
"150276 CUMARU DO NORTE";1115
"150277 CURIONOPOLIS";2284
"150280 CURRALINHO";4212
"150285 CURUA";1650
"150290 CURUCA";3623
"150293 DOM ELISEU";5799
"150295 ELDORADO DOS CARAJAS";4200
"150300 FARO";1396
"150304 FLORESTA DO ARAGUAIA";2003
"150307 GARRAFAO DO NORTE";3197
"150309 GOIANESIA DO PARA";3729
"150310 GURUPA";4153
"150320 IGARAPE-ACU";3675
"150330 IGARAPE-MIRI";7553
"150340 INHANGAPI";1020
"150345 IPIXUNA DO PARA";4429
"150350 IRITUIA";4118
"150360 ITAITUBA";11124
"150370 ITUPIRANGA";7141
"150375 JACAREACANGA";2870
"150380 JACUNDA";5351
"150390 JURUTI";6204
"150400 LIMOEIRO DO AJURU";3168
"150405 MAE DO RIO";3300
"150410 MAGALHAES BARATA";1016
"150420 MARABA";26027
"150430 MARACANA";3339
"150440 MARAPANIM";2812
"150442 MARITUBA";9974
"150445 MEDICILANDIA";2922
"150450 MELGACO";4181
"150460 MOCAJUBA";3255
"150470 MOJU";8922
"150475 MOJUI DOS CAMPOS";1546
"150480 MONTE ALEGRE";6408
"150490 MUANA";4153
"150495 NOVA ESPERANCA DO PIRIA";2887
"150497 NOVA IPIXUNA";1697
"150500 NOVA TIMBOTEUA";1318
"150503 NOVO PROGRESSO";2939
"150506 NOVO REPARTIMENTO";7326
"150510 OBIDOS";6929
"150520 OEIRAS DO PARA";4501
"150530 ORIXIMINA";8129
"150540 OUREM";1875
"150543 OURILANDIA DO NORTE";2873
"150548 PACAJA";4787
"150549 PALESTINA DO PARA";939
"150550 PARAGOMINAS";11462
"150553 PARAUAPEBAS";14476
"150555 PAU D'ARCO";735
"150560 PEIXE-BOI";820
"150563 PICARRA";1600
"150565 PLACAS";2670
"150570 PONTA DE PEDRAS";2946
"150580 PORTEL";8399
"150590 PORTO DE MOZ";5070
"150600 PRAINHA";4353
"150610 PRIMAVERA";1044
"150611 QUATIPURU";1298
"150613 REDENCAO";7770
"150616 RIO MARIA";1864
"150618 RONDON DO PARA";4896
"150619 RUROPOLIS";4210
"150620 SALINOPOLIS";3992
"150630 SALVATERRA";2041
"150635 SANTA BARBARA DO PARA";1650
"150640 SANTA CRUZ DO ARARI";700
"150650 SANTA IZABEL DO PARA";5329
"150655 SANTA LUZIA DO PARA";2336
"150658 SANTA MARIA DAS BARREIRAS";1695
"150660 SANTA MARIA DO PARA";2236
"150670 SANTANA DO ARAGUAIA";5112
"150680 SANTAREM";32530
"150690 SANTAREM NOVO";721
"150700 SANTO ANTONIO DO TAUA";2736
"150710 SAO CAETANO DE ODIVELAS";1851
"150715 SAO DOMINGOS DO ARAGUAIA";2744
"150720 SAO DOMINGOS DO CAPIM";4593
"150730 SAO FELIX DO XINGU";6417
"150740 SAO FRANCISCO DO PARA";1554
"150745 SAO GERALDO DO ARAGUAIA";3184
"150746 SAO JOAO DA PONTA";586
"150747 SAO JOAO DE PIRABAS";2298
"150750 SAO JOAO DO ARAGUAIA";1823
"150760 SAO MIGUEL DO GUAMA";5957
"150770 SAO SEBASTIAO DA BOA VISTA";3009
"150775 SAPUCAIA";507
"150780 SENADOR JOSE PORFIRIO";2265
"150790 SOURE";2506
"150795 TAILANDIA";7474
"150796 TERRA ALTA";1037
"150797 TERRA SANTA";1945
"150800 TOME-ACU";7328
"150803 TRACUATEUA";3323
"150805 TRAIRAO";2046
"150808 TUCUMA";3503
"150810 TUCURUI";10828
"150812 ULIANOPOLIS";4154
"150815 URUARA";5901
"150820 VIGIA";4903
"150830 VISEU";8485
"150835 VITORIA DO XINGU";1401
"150840 XINGUARA";4362
"160005 SERRA DO NAVIO";586
"160010 AMAPA";1089
"160015 PEDRA BRANCA DO AMAPARI";1183
"160020 CALCOENE";1365
"160021 CUTIAS";679
"160023 FERREIRA GOMES";772
"160025 ITAUBAL";585
"160027 LARANJAL DO JARI";5074
"160030 MACAPA";44792
"160040 MAZAGAO";2518
"160050 OIAPOQUE";2755
"160053 PORTO GRANDE";2156
"160055 PRACUUBA";619
"160060 SANTANA";12319
"160070 TARTARUGALZINHO";1761
"160080 VITORIA DO JARI";1633
"170025 ABREULANDIA";286
"170030 AGUIARNOPOLIS";527
"170035 ALIANCA DO TOCANTINS";550
"170040 ALMAS";986
"170070 ALVORADA";788
"170100 ANANAS";1170
"170105 ANGICO";328
"170110 APARECIDA DO RIO NEGRO";465
"170130 ARAGOMINAS";682
"170190 ARAGUACEMA";633
"170200 ARAGUACU";784
"170210 ARAGUAINA";13353
"170215 ARAGUANA";555
"170220 ARAGUATINS";3534
"170230 ARAPOEMA";709
"170240 ARRAIAS";1113
"170255 AUGUSTINOPOLIS";1663
"170270 AURORA DO TOCANTINS";319
"170290 AXIXA DO TOCANTINS";1064
"170300 BABACULANDIA";993
"170305 BANDEIRANTES DO TOCANTINS";326
"170307 BARRA DO OURO";483
"170310 BARROLANDIA";494
"170320 BERNARDO SAYAO";463
"170330 BOM JESUS DO TOCANTINS";371
"170360 BRASILANDIA DO TOCANTINS";199
"170370 BREJINHO DE NAZARE";515
"170380 BURITI DO TOCANTINS";937
"170382 CACHOEIRINHA";276
"170384 CAMPOS LINDOS";965
"170386 CARIRI DO TOCANTINS";322
"170388 CARMOLANDIA";240
"170389 CARRASCO BONITO";481
"170390 CASEARA";492
"170410 CENTENARIO";241
"170460 CHAPADA DE AREIA";121
"170510 CHAPADA DA NATIVIDADE";350
"170550 COLINAS DO TOCANTINS";2907
"170555 COMBINADO";498
"170560 CONCEICAO DO TOCANTINS";506
"170600 COUTO MAGALHAES";570
"170610 CRISTALANDIA";678
"170625 CRIXAS DO TOCANTINS";141
"170650 DARCINOPOLIS";594
"170700 DIANOPOLIS";1898
"170710 DIVINOPOLIS DO TOCANTINS";594
"170720 DOIS IRMAOS DO TOCANTINS";707
"170730 DUERE";473
"170740 ESPERANTINA";1121
"170755 FATIMA";368
"170765 FIGUEIROPOLIS";468
"170770 FILADELFIA";948
"170820 FORMOSO DO ARAGUAIA";1926
"170825 FORTALEZA DO TABOCAO";245
"170830 GOIANORTE";492
"170900 GOIATINS";1593
"170930 GUARAI";2042
"170950 GURUPI";6588
"170980 IPUEIRAS";174
"171050 ITACAJA";877
"171070 ITAGUATINS";771
"171090 ITAPIRATINS";341
"171110 ITAPORA DO TOCANTINS";265
"171150 JAU DO TOCANTINS";350
"171180 JUARINA";257
"171190 LAGOA DA CONFUSAO";1082
"171195 LAGOA DO TOCANTINS";486
"171200 LAJEADO";296
"171215 LAVANDEIRA";176
"171240 LIZARDA";503
"171245 LUZINOPOLIS";299
"171250 MARIANOPOLIS DO TOCANTINS";451
"171270 MATEIROS";281
"171280 MAURILANDIA DO TOCANTINS";388
"171320 MIRACEMA DO TOCANTINS";2242
"171330 MIRANORTE";1177
"171360 MONTE DO CARMO";737
"171370 MONTE SANTO DO TOCANTINS";167
"171380 PALMEIRAS DO TOCANTINS";603
"171395 MURICILANDIA";368
"171420 NATIVIDADE";988
"171430 NAZARE";528
"171488 NOVA OLINDA";1210
"171500 NOVA ROSALANDIA";376
"171510 NOVO ACORDO";398
"171515 NOVO ALEGRE";216
"171525 NOVO JARDIM";310
"171550 OLIVEIRA DE FATIMA";118
"171570 PALMEIRANTE";534
"171575 PALMEIROPOLIS";696
"171610 PARAISO DO TOCANTINS";3957
"171620 PARANA";1226
"171630 PAU D'ARCO";484
"171650 PEDRO AFONSO";1064
"171660 PEIXE";995
"171665 PEQUIZEIRO";471
"171670 COLMEIA";846
"171700 PINDORAMA DO TOCANTINS";552
"171720 PIRAQUE";313
"171750 PIUM";665
"171780 PONTE ALTA DO BOM JESUS";508
"171790 PONTE ALTA DO TOCANTINS";791
"171800 PORTO ALEGRE DO TOCANTINS";290
"171820 PORTO NACIONAL";4848
"171830 PRAIA NORTE";975
"171840 PRESIDENTE KENNEDY";366
"171845 PUGMIL";282
"171850 RECURSOLANDIA";478
"171855 RIACHINHO";477
"171865 RIO DA CONCEICAO";143
"171870 RIO DOS BOIS";271
"171875 RIO SONO";662
"171880 SAMPAIO";423
"171884 SANDOLANDIA";371
"171886 SANTA FE DO ARAGUAIA";715
"171888 SANTA MARIA DO TOCANTINS";312
"171889 SANTA RITA DO TOCANTINS";219
"171890 SANTA ROSA DO TOCANTINS";557
"171900 SANTA TEREZA DO TOCANTINS";309
"172000 SANTA TEREZINHA DO TOCANTINS";237
"172010 SAO BENTO DO TOCANTINS";551
"172015 SAO FELIX DO TOCANTINS";204
"172020 SAO MIGUEL DO TOCANTINS";1161
"172025 SAO SALVADOR DO TOCANTINS";312
"172030 SAO SEBASTIAO DO TOCANTINS";527
"172049 SAO VALERIO";488
"172065 SILVANOPOLIS";532
"172080 SITIO NOVO DO TOCANTINS";1070
"172085 SUCUPIRA";159
"172090 TAGUATINGA";1382
"172093 TAIPAS DO TOCANTINS";208
"172097 TALISMA";218
"172100 PALMAS";18808
"172110 TOCANTINIA";963
"172120 TOCANTINOPOLIS";2671
"172125 TUPIRAMA";143
"172130 TUPIRATINS";180
"172208 WANDERLANDIA";1105
"172210 XAMBIOA";1252
"210005 ACAILANDIA";11182
"210010 AFONSO CUNHA";791
"210015 AGUA DOCE DO MARANHAO";1239
"210020 ALCANTARA";2547
"210030 ALDEIAS ALTAS";3236
"210040 ALTAMIRA DO MARANHAO";728
"210043 ALTO ALEGRE DO MARANHAO";2949
"210047 ALTO ALEGRE DO PINDARE";4111
"210050 ALTO PARNAIBA";1321
"210055 AMAPA DO MARANHAO";804
"210060 AMARANTE DO MARANHAO";5403
"210070 ANAJATUBA";2416
"210080 ANAPURUS";1530
"210083 APICUM-ACU";1477
"210087 ARAGUANA";1703
"210090 ARAIOSES";4645
"210095 ARAME";4447
"210100 ARARI";2994
"210110 AXIXA";1252
"210120 BACABAL";10789
"210125 BACABEIRA";1539
"210130 BACURI";1785
"210135 BACURITUBA";541
"210140 BALSAS";8509
"210150 BARAO DE GRAJAU";1479
"210160 BARRA DO CORDA";9285
"210170 BARREIRINHAS";6915
"210173 BELAGUA";1033
"210177 BELA VISTA DO MARANHAO";1192
"210180 BENEDITO LEITE";540
"210190 BEQUIMAO";2167
"210193 BERNARDO DO MEARIM";582
"210197 BOA VISTA DO GURUPI";861
"210200 BOM JARDIM";4969
"210203 BOM JESUS DAS SELVAS";3148
"210207 BOM LUGAR";1640
"210210 BREJO";4235
"210215 BREJO DE AREIA";1634
"210220 BURITI";3743
"210230 BURITI BRAVO";2768
"210232 BURITICUPU";8267
"210235 BURITIRANA";1864
"210237 CACHOEIRA GRANDE";1167
"210240 CAJAPIO";1323
"210250 CAJARI";2272
"210255 CAMPESTRE DO MARANHAO";1434
"210260 CANDIDO MENDES";2209
"210270 CANTANHEDE";2170
"210275 CAPINZAL DO NORTE";1246
"210280 CAROLINA";2713
"210290 CARUTAPERA";2581
"210300 CAXIAS";16836
"210310 CEDRAL";1044
"210312 CENTRAL DO MARANHAO";926
"210315 CENTRO DO GUILHERME";1161
"210317 CENTRO NOVO DO MARANHAO";2416
"210320 CHAPADINHA";8714
"210325 CIDELANDIA";1660
"210330 CODO";14386
"210340 COELHO NETO";5959
"210350 COLINAS";4379
"210355 CONCEICAO DO LAGO-ACU";1981
"210360 COROATA";7208
"210370 CURURUPU";3436
"210375 DAVINOPOLIS";1487
"210380 DOM PEDRO";2424
"210390 DUQUE BACELAR";1326
"210400 ESPERANTINOPOLIS";2281
"210405 ESTREITO";3536
"210407 FEIRA NOVA DO MARANHAO";934
"210408 FERNANDO FALCAO";1201
"210409 FORMOSA DA SERRA NEGRA";1615
"210410 FORTALEZA DOS NOGUEIRAS";1344
"210420 FORTUNA";2191
"210430 GODOFREDO VIANA";999
"210440 GONCALVES DIAS";1999
"210450 GOVERNADOR ARCHER";1156
"210455 GOVERNADOR EDISON LOBAO";1645
"210460 GOVERNADOR EUGENIO BARROS";1667
"210462 GOVERNADOR LUIZ ROCHA";796
"210465 GOVERNADOR NEWTON BELLO";1374
"210467 GOVERNADOR NUNES FREIRE";3591
"210470 GRACA ARANHA";659
"210480 GRAJAU";7404
"210490 GUIMARAES";1284
"210500 HUMBERTO DE CAMPOS";3617
"210510 ICATU";3032
"210515 IGARAPE DO MEIO";1516
"210520 IGARAPE GRANDE";1072
"210530 IMPERATRIZ";23737
"210535 ITAIPAVA DO GRAJAU";1724
"210540 ITAPECURU MIRIM";7053
"210542 ITINGA DO MARANHAO";2921
"210545 JATOBA";913
"210547 JENIPAPO DOS VIEIRAS";2162
"210550 JOAO LISBOA";2781
"210560 JOSELANDIA";1791
"210565 JUNCO DO MARANHAO";657
"210570 LAGO DA PEDRA";4803
"210580 LAGO DO JUNCO";1198
"210590 LAGO VERDE";1974
"210592 LAGOA DO MATO";1141
"210594 LAGO DOS RODRIGUES";999
"210596 LAGOA GRANDE DO MARANHAO";1320
"210598 LAJEADO NOVO";722
"210600 LIMA CAMPOS";1184
"210610 LORETO";1110
"210620 LUIS DOMINGUES";755
"210630 MAGALHAES DE ALMEIDA";1711
"210632 MARACACUME";2392
"210635 MARAJA DO SENA";1174
"210637 MARANHAOZINHO";1110
"210640 MATA ROMA";1869
"210650 MATINHA";2449
"210660 MATOES";4031
"210663 MATOES DO NORTE";1273
"210667 MILAGRES DO MARANHAO";1105
"210670 MIRADOR";2424
"210675 MIRANDA DO NORTE";2052
"210680 MIRINZAL";1544
"210690 MONCAO";3846
"210700 MONTES ALTOS";1140
"210710 MORROS";2092
"210720 NINA RODRIGUES";1478
"210725 NOVA COLINAS";560
"210730 NOVA IORQUE";515
"210735 NOVA OLINDA DO MARANHAO";1963
"210740 OLHO D'AGUA DAS CUNHAS";1853
"210745 OLINDA NOVA DO MARANHAO";1385
"210750 PACO DO LUMIAR";8774
"210760 PALMEIRANDIA";2211
"210770 PARAIBANO";1975
"210780 PARNARAMA";4091
"210790 PASSAGEM FRANCA";1990
"210800 PASTOS BONS";2085
"210805 PAULINO NEVES";1888
"210810 PAULO RAMOS";2536
"210820 PEDREIRAS";4317
"210825 PEDRO DO ROSARIO";3134
"210830 PENALVA";4143
"210840 PERI MIRIM";1456
"210845 PERITORO";2635
"210850 PINDARE-MIRIM";3754
"210860 PINHEIRO";7873
"210870 PIO XII";2914
"210880 PIRAPEMAS";2248
"210890 POCAO DE PEDRAS";2540
"210900 PORTO FRANCO";2082
"210905 PORTO RICO DO MARANHAO";694
"210910 PRESIDENTE DUTRA";4411
"210920 PRESIDENTE JUSCELINO";1479
"210923 PRESIDENTE MEDICI";678
"210927 PRESIDENTE SARNEY";2062
"210930 PRESIDENTE VARGAS";1403
"210940 PRIMEIRA CRUZ";1812
"210945 RAPOSA";2478
"210950 RIACHAO";2435
"210955 RIBAMAR FIQUENE";846
"210960 ROSARIO";4217
"210970 SAMBAIBA";651
"210975 SANTA FILOMENA DO MARANHAO";840
"210980 SANTA HELENA";4183
"210990 SANTA INES";8959
"211000 SANTA LUZIA";9060
"211003 SANTA LUZIA DO PARUA";2618
"211010 SANTA QUITERIA DO MARANHAO";2909
"211020 SANTA RITA";3130
"211023 SANTANA DO MARANHAO";1107
"211027 SANTO AMARO DO MARANHAO";1701
"211030 SANTO ANTONIO DOS LOPES";1474
"211040 SAO BENEDITO DO RIO PRETO";2639
"211050 SAO BENTO";3631
"211060 SAO BERNARDO";3103
"211065 SAO DOMINGOS DO AZEITAO";822
"211070 SAO DOMINGOS DO MARANHAO";3804
"211080 SAO FELIX DE BALSAS";571
"211085 SAO FRANCISCO DO BREJAO";1087
"211090 SAO FRANCISCO DO MARANHAO";1257
"211100 SAO JOAO BATISTA";2216
"211102 SAO JOAO DO CARU";2236
"211105 SAO JOAO DO PARAISO";1240
"211107 SAO JOAO DO SOTER";2346
"211110 SAO JOAO DOS PATOS";2479
"211120 SAO JOSE DE RIBAMAR";14849
"211125 SAO JOSE DOS BASILIOS";867
"211130 SAO LUIS";83353
"211140 SAO LUIS GONZAGA DO MARANHAO";2553
"211150 SAO MATEUS DO MARANHAO";4453
"211153 SAO PEDRO DA AGUA BRANCA";1498
"211157 SAO PEDRO DOS CRENTES";461
"211160 SAO RAIMUNDO DAS MANGABEIRAS";1788
"211163 SAO RAIMUNDO DO DOCA BEZERRA";873
"211167 SAO ROBERTO";663
"211170 SAO VICENTE FERRER";2188
"211172 SATUBINHA";1371
"211174 SENADOR ALEXANDRE COSTA";1181
"211176 SENADOR LA ROCQUE";1788
"211178 SERRANO DO MARANHAO";1300
"211180 SITIO NOVO";1891
"211190 SUCUPIRA DO NORTE";1235
"211195 SUCUPIRA DO RIACHAO";574
"211200 TASSO FRAGOSO";961
"211210 TIMBIRAS";3382
"211220 TIMON";15212
"211223 TRIZIDELA DO VALE";2197
"211227 TUFILANDIA";810
"211230 TUNTUM";4303
"211240 TURIACU";4709
"211245 TURILANDIA";3081
"211250 TUTOIA";5868
"211260 URBANO SANTOS";3800
"211270 VARGEM GRANDE";5312
"211280 VIANA";5598
"211285 VILA NOVA DOS MARTIRIOS";1132
"211290 VITORIA DO MEARIM";3578
"211300 VITORINO FREIRE";3338
"211400 ZE DOCA";5515
"220005 ACAUA";655
"220010 AGRICOLANDIA";508
"220020 AGUA BRANCA";1628
"220025 ALAGOINHA DO PIAUI";645
"220027 ALEGRETE DO PIAUI";473
"220030 ALTO LONGA";1241
"220040 ALTOS";3992
"220045 ALVORADA DO GURGUEIA";601
"220050 AMARANTE";1971
"220060 ANGICAL DO PIAUI";579
"220070 ANISIO DE ABREU";921
"220080 ANTONIO ALMEIDA";296
"220090 AROAZES";608
"220095 AROEIRAS DO ITAIM";216
"220100 ARRAIAL";451
"220105 ASSUNCAO DO PIAUI";1030
"220110 AVELINO LOPES";1094
"220115 BAIXA GRANDE DO RIBEIRO";1216
"220117 BARRA D'ALCANTARA";379
"220120 BARRAS";4816
"220130 BARREIRAS DO PIAUI";349
"220140 BARRO DURO";749
"220150 BATALHA";2424
"220155 BELA VISTA DO PIAUI";357
"220157 BELEM DO PIAUI";279
"220160 BENEDITINOS";996
"220170 BERTOLINIA";526
"220173 BETANIA DO PIAUI";733
"220177 BOA HORA";705
"220180 BOCAINA";334
"220190 BOM JESUS";2247
"220191 BOM PRINCIPIO DO PIAUI";508
"220192 BONFIM DO PIAUI";524
"220194 BOQUEIRAO DO PIAUI";663
"220196 BRASILEIRA";739
"220198 BREJO DO PIAUI";451
"220200 BURITI DOS LOPES";2090
"220202 BURITI DOS MONTES";728
"220205 CABECEIRAS DO PIAUI";863
"220207 CAJAZEIRAS DO PIAUI";318
"220208 CAJUEIRO DA PRAIA";655
"220209 CALDEIRAO GRANDE DO PIAUI";549
"220210 CAMPINAS DO PIAUI";575
"220211 CAMPO ALEGRE DO FIDALGO";483
"220213 CAMPO GRANDE DO PIAUI";484
"220217 CAMPO LARGO DO PIAUI";874
"220220 CAMPO MAIOR";3834
"220225 CANAVIEIRA";433
"220230 CANTO DO BURITI";1833
"220240 CAPITAO DE CAMPOS";1094
"220245 CAPITAO GERVASIO OLIVEIRA";409
"220250 CARACOL";1102
"220253 CARAUBAS DO PIAUI";566
"220255 CARIDADE DO PIAUI";487
"220260 CASTELO DO PIAUI";2024
"220265 CAXINGO";528
"220270 COCAL";2883
"220271 COCAL DE TELHA";443
"220272 COCAL DOS ALVES";547
"220273 COIVARAS";402
"220275 COLONIA DO GURGUEIA";659
"220277 COLONIA DO PIAUI";702
"220280 CONCEICAO DO CANINDE";432
"220285 CORONEL JOSE DIAS";392
"220290 CORRENTE";2689
"220300 CRISTALANDIA DO PIAUI";979
"220310 CRISTINO CASTRO";1082
"220320 CURIMATA";1134
"220323 CURRAIS";627
"220325 CURRALINHOS";451
"220327 CURRAL NOVO DO PIAUI";594
"220330 DEMERVAL LOBAO";1342
"220335 DIRCEU ARCOVERDE";591
"220340 DOM EXPEDITO LOPES";564
"220342 DOMINGOS MOURAO";461
"220345 DOM INOCENCIO";872
"220350 ELESBAO VELOSO";1343
"220360 ELISEU MARTINS";453
"220370 ESPERANTINA";3831
"220375 FARTURA DO PIAUI";509
"220380 FLORES DO PIAUI";504
"220385 FLORESTA DO PIAUI";202
"220390 FLORIANO";5090
"220400 FRANCINOPOLIS";482
"220410 FRANCISCO AYRES";497
"220415 FRANCISCO MACEDO";281
"220420 FRANCISCO SANTOS";779
"220430 FRONTEIRAS";1033
"220435 GEMINIANO";510
"220440 GILBUES";1206
"220450 GUADALUPE";1062
"220455 GUARIBAS";489
"220460 HUGO NAPOLEAO";359
"220465 ILHA GRANDE";914
"220470 INHUMA";1439
"220480 IPIRANGA DO PIAUI";871
"220490 ISAIAS COELHO";833
"220500 ITAINOPOLIS";861
"220510 ITAUEIRA";1069
"220515 JACOBINA DO PIAUI";531
"220520 JAICOS";1839
"220525 JARDIM DO MULATO";440
"220527 JATOBA DO PIAUI";431
"220530 JERUMENHA";432
"220535 JOAO COSTA";294
"220540 JOAQUIM PIRES";1387
"220545 JOCA MARQUES";584
"220550 JOSE DE FREITAS";3677
"220551 JUAZEIRO DO PIAUI";582
"220552 JULIO BORGES";576
"220553 JUREMA";434
"220554 LAGOINHA DO PIAUI";255
"220555 LAGOA ALEGRE";785
"220556 LAGOA DO BARRO DO PIAUI";430
"220557 LAGOA DE SAO FRANCISCO";620
"220558 LAGOA DO PIAUI";388
"220559 LAGOA DO SITIO";510
"220560 LANDRI SALES";624
"220570 LUIS CORREIA";2809
"220580 LUZILANDIA";2744
"220585 MADEIRO";906
"220590 MANOEL EMIDIO";473
"220595 MARCOLANDIA";892
"220600 MARCOS PARENTE";512
"220605 MASSAPE DO PIAUI";614
"220610 MATIAS OLIMPIO";1282
"220620 MIGUEL ALVES";3828
"220630 MIGUEL LEAO";153
"220635 MILTON BRANDAO";608
"220640 MONSENHOR GIL";951
"220650 MONSENHOR HIPOLITO";684
"220660 MONTE ALEGRE DO PIAUI";1244
"220665 MORRO CABECA NO TEMPO";508
"220667 MORRO DO CHAPEU DO PIAUI";677
"220669 MURICI DOS PORTELAS";1007
"220670 NAZARE DO PIAUI";719
"220672 NAZARIA";908
"220675 NOSSA SENHORA DE NAZARE";398
"220680 NOSSA SENHORA DOS REMEDIOS";969
"220690 NOVO ORIENTE DO PIAUI";579
"220695 NOVO SANTO ANTONIO";238
"220700 OEIRAS";3509
"220710 OLHO D'AGUA DO PIAUI";269
"220720 PADRE MARCOS";562
"220730 PAES LANDIM";404
"220735 PAJEU DO PIAUI";286
"220740 PALMEIRA DO PIAUI";584
"220750 PALMEIRAIS";1570
"220755 PAQUETA";367
"220760 PARNAGUA";1220
"220770 PARNAIBA";13356
"220775 PASSAGEM FRANCA DO PIAUI";453
"220777 PATOS DO PIAUI";570
"220779 PAU D'ARCO DO PIAUI";404
"220780 PAULISTANA";2111
"220785 PAVUSSU";307
"220790 PEDRO II";3768
"220793 PEDRO LAURENTINO";321
"220795 NOVA SANTA RITA";455
"220800 PICOS";6330
"220810 PIMENTEIRAS";1193
"220820 PIO IX";1702
"220830 PIRACURUCA";2422
"220840 PIRIPIRI";5706
"220850 PORTO";1453
"220855 PORTO ALEGRE DO PIAUI";286
"220860 PRATA DO PIAUI";306
"220865 QUEIMADA NOVA";748
"220870 REDENCAO DO GURGUEIA";1017
"220880 REGENERACAO";1927
"220885 RIACHO FRIO";548
"220887 RIBEIRA DO PIAUI";449
"220890 RIBEIRO GONCALVES";805
"220900 RIO GRANDE DO PIAUI";651
"220910 SANTA CRUZ DO PIAUI";580
"220915 SANTA CRUZ DOS MILAGRES";397
"220920 SANTA FILOMENA";768
"220930 SANTA LUZ";655
"220935 SANTANA DO PIAUI";387
"220937 SANTA ROSA DO PIAUI";524
"220940 SANTO ANTONIO DE LISBOA";512
"220945 SANTO ANTONIO DOS MILAGRES";257
"220950 SANTO INACIO DO PIAUI";325
"220955 SAO BRAZ DO PIAUI";396
"220960 SAO FELIX DO PIAUI";281
"220965 SAO FRANCISCO DE ASSIS DO PIAUI";571
"220970 SAO FRANCISCO DO PIAUI";572
"220975 SAO GONCALO DO GURGUEIA";300
"220980 SAO GONCALO DO PIAUI";493
"220985 SAO JOAO DA CANABRAVA";398
"220987 SAO JOAO DA FRONTEIRA";555
"220990 SAO JOAO DA SERRA";615
"220995 SAO JOAO DA VARJOTA";507
"220997 SAO JOAO DO ARRAIAL";847
"221000 SAO JOAO DO PIAUI";2054
"221005 SAO JOSE DO DIVINO";460
"221010 SAO JOSE DO PEIXE";428
"221020 SAO JOSE DO PIAUI";627
"221030 SAO JULIAO";535
"221035 SAO LOURENCO DO PIAUI";384
"221037 SAO LUIS DO PIAUI";245
"221038 SAO MIGUEL DA BAIXA GRANDE";223
"221039 SAO MIGUEL DO FIDALGO";375
"221040 SAO MIGUEL DO TAPUIO";1845
"221050 SAO PEDRO DO PIAUI";1431
"221060 SAO RAIMUNDO NONATO";3178
"221062 SEBASTIAO BARROS";508
"221063 SEBASTIAO LEAL";453
"221065 SIGEFREDO PACHECO";921
"221070 SIMOES";1654
"221080 SIMPLICIO MENDES";1145
"221090 SOCORRO DO PIAUI";506
"221093 SUSSUAPARA";479
"221095 TAMBORIL DO PIAUI";278
"221097 TANQUE DO PIAUI";258
"221100 TERESINA";70403
"221110 UNIAO";4541
"221120 URUCUI";2087
"221130 VALENCA DO PIAUI";1816
"221135 VARZEA BRANCA";532
"221140 VARZEA GRANDE";402
"221150 VERA MENDES";277
"221160 VILA NOVA DO PIAUI";251
"221170 WALL FERRAZ";464
"230010 ABAIARA";1022
"230015 ACARAPE";1328
"230020 ACARAU";5305
"230030 ACOPIARA";4522
"230040 AIUABA";1543
"230050 ALCANTARAS";936
"230060 ALTANEIRA";556
"230070 ALTO SANTO";1346
"230075 AMONTADA";4051
"230080 ANTONINA DO NORTE";707
"230090 APUIARES";1167
"230100 AQUIRAZ";6118
"230110 ARACATI";5854
"230120 ARACOIABA";2214
"230125 ARARENDA";1030
"230130 ARARIPE";2250
"230140 ARATUBA";1141
"230150 ARNEIROZ";706
"230160 ASSARE";1986
"230170 AURORA";2115
"230180 BAIXIO";515
"230185 BANABUIU";1715
"230190 BARBALHA";5215
"230195 BARREIRA";1802
"230200 BARRO";1792
"230205 BARROQUINHA";1301
"230210 BATURITE";3064
"230220 BEBERIBE";4001
"230230 BELA CRUZ";2831
"230240 BOA VIAGEM";4866
"230250 BREJO SANTO";3867
"230260 CAMOCIM";5475
"230270 CAMPOS SALES";2639
"230280 CANINDE";6903
"230290 CAPISTRANO";1639
"230300 CARIDADE";1708
"230310 CARIRE";1413
"230320 CARIRIACU";2678
"230330 CARIUS";1514
"230340 CARNAUBAL";1669
"230350 CASCAVEL";5315
"230360 CATARINA";1581
"230365 CATUNDA";996
"230370 CAUCAIA";27762
"230380 CEDRO";2214
"230390 CHAVAL";1167
"230393 CHORO";1246
"230395 CHOROZINHO";1767
"230400 COREAU";1951
"230410 CRATEUS";6609
"230420 CRATO";10716
"230423 CROATA";1549
"230425 CRUZ";2148
"230426 DEPUTADO IRAPUAN PINHEIRO";735
"230427 ERERE";574
"230428 EUSEBIO";3885
"230430 FARIAS BRITO";1931
"230435 FORQUILHA";1767
"230440 FORTALEZA";193480
"230445 FORTIM";1200
"230450 FRECHEIRINHA";1250
"230460 GENERAL SAMPAIO";655
"230465 GRACA";1462
"230470 GRANJA";5327
"230480 GRANJEIRO";509
"230490 GROAIRAS";733
"230495 GUAIUBA";2076
"230500 GUARACIABA DO NORTE";3862
"230510 GUARAMIRANGA";562
"230520 HIDROLANDIA";1761
"230523 HORIZONTE";4402
"230526 IBARETAMA";1197
"230530 IBIAPINA";2383
"230533 IBICUITINGA";959
"230535 ICAPUI";1655
"230540 ICO";6104
"230550 IGUATU";8277
"230560 INDEPENDENCIA";2146
"230565 IPAPORANGA";1131
"230570 IPAUMIRIM";1159
"230580 IPU";3670
"230590 IPUEIRAS";3634
"230600 IRACEMA";1193
"230610 IRAUCUBA";2161
"230620 ITAICABA";521
"230625 ITAITINGA";3067
"230630 ITAPAGE";4393
"230640 ITAPIPOCA";11295
"230650 ITAPIUNA";1692
"230655 ITAREMA";3739
"230660 ITATIRA";1903
"230670 JAGUARETAMA";1568
"230680 JAGUARIBARA";891
"230690 JAGUARIBE";3176
"230700 JAGUARUANA";2482
"230710 JARDIM";2811
"230720 JATI";660
"230725 JIJOCA DE JERICOACOARA";1530
"230730 JUAZEIRO DO NORTE";22806
"230740 JUCAS";2313
"230750 LAVRAS DA MANGABEIRA";2667
"230760 LIMOEIRO DO NORTE";4338
"230763 MADALENA";1515
"230765 MARACANAU";18352
"230770 MARANGUAPE";9596
"230780 MARCO";2724
"230790 MARTINOPOLE";983
"230800 MASSAPE";3190
"230810 MAURITI";4397
"230820 MERUOCA";1228
"230830 MILAGRES";2734
"230835 MILHA";1110
"230837 MIRAIMA";1403
"230840 MISSAO VELHA";3470
"230850 MOMBACA";4076
"230860 MONSENHOR TABOSA";1530
"230870 MORADA NOVA";5267
"230880 MORAUJO";725
"230890 MORRINHOS";2207
"230900 MUCAMBO";1254
"230910 MULUNGU";926
"230920 NOVA OLINDA";1367
"230930 NOVA RUSSAS";2838
"230940 NOVO ORIENTE";2414
"230945 OCARA";2004
"230950 OROS";1974
"230960 PACAJUS";5050
"230970 PACATUBA";6426
"230980 PACOTI";1131
"230990 PACUJA";547
"231000 PALHANO";776
"231010 PALMACIA";1000
"231020 PARACURU";2755
"231025 PARAIPABA";2672
"231030 PARAMBU";2981
"231040 PARAMOTI";1102
"231050 PEDRA BRANCA";3774
"231060 PENAFORTE";883
"231070 PENTECOSTE";3252
"231080 PEREIRO";1433
"231085 PINDORETAMA";1480
"231090 PIQUET CARNEIRO";1096
"231095 PIRES FERREIRA";899
"231100 PORANGA";1223
"231110 PORTEIRAS";1580
"231120 POTENGI";1158
"231123 POTIRETAMA";546
"231126 QUITERIANOPOLIS";1821
"231130 QUIXADA";7424
"231135 QUIXELO";1420
"231140 QUIXERAMOBIM";6321
"231150 QUIXERE";1784
"231160 REDENCAO";2657
"231170 RERIUTABA";1931
"231180 RUSSAS";5473
"231190 SABOEIRO";1691
"231195 SALITRE";1743
"231200 SANTANA DO ACARAU";2926
"231210 SANTANA DO CARIRI";1929
"231220 SANTA QUITERIA";4012
"231230 SAO BENEDITO";4640
"231240 SAO GONCALO DO AMARANTE";3779
"231250 SAO JOAO DO JAGUARIBE";527
"231260 SAO LUIS DO CURU";1098
"231270 SENADOR POMPEU";2247
"231280 SENADOR SA";693
"231290 SOBRAL";15461
"231300 SOLONOPOLE";1442
"231310 TABULEIRO DO NORTE";2323
"231320 TAMBORIL";2490
"231325 TARRAFAS";782
"231330 TAUA";4845
"231335 TEJUCUOCA";1633
"231340 TIANGUA";6797
"231350 TRAIRI";5076
"231355 TURURU";1251
"231360 UBAJARA";3147
"231370 UMARI";710
"231375 UMIRIM";1867
"231380 URUBURETAMA";1798
"231390 URUOCA";1182
"231395 VARJOTA";1541
"231400 VARZEA ALEGRE";3248
"231410 VICOSA DO CEARA";5190
"240010 ACARI";894
"240020 ACU";4778
"240030 AFONSO BEZERRA";1142
"240040 AGUA NOVA";238
"240050 ALEXANDRIA";1288
"240060 ALMINO AFONSO";455
"240070 ALTO DO RODRIGUES";1089
"240080 ANGICOS";963
"240090 ANTONIO MARTINS";593
"240100 APODI";2712
"240110 AREIA BRANCA";2170
"240120 ARES";1219
"240130 AUGUSTO SEVERO";795
"240140 BAIA FORMOSA";909
"240145 BARAUNA";2497
"240150 BARCELONA";318
"240160 BENTO FERNANDES";413
"240165 BODO";261
"240170 BOM JESUS";892
"240180 BREJINHO";1050
"240185 CAICARA DO NORTE";688
"240190 CAICARA DO RIO DO VENTO";263
"240200 CAICO";4743
"240210 CAMPO REDONDO";873
"240220 CANGUARETAMA";3164
"240230 CARAUBAS";1688
"240240 CARNAUBA DOS DANTAS";661
"240250 CARNAUBAIS";853
"240260 CEARA-MIRIM";6950
"240270 CERRO CORA";1109
"240280 CORONEL EZEQUIEL";519
"240290 CORONEL JOAO PESSOA";452
"240300 CRUZETA";657
"240310 CURRAIS NOVOS";3414
"240320 DOUTOR SEVERIANO";642
"240325 PARNAMIRIM";14613
"240330 ENCANTO";470
"240340 EQUADOR";580
"240350 ESPIRITO SANTO";1047
"240360 EXTREMOZ";2376
"240370 FELIPE GUERRA";467
"240375 FERNANDO PEDROZA";246
"240380 FLORANIA";877
"240390 FRANCISCO DANTAS";242
"240400 FRUTUOSO GOMES";426
"240410 GALINHOS";177
"240420 GOIANINHA";2130
"240430 GOVERNADOR DIX-SEPT ROSADO";1041
"240440 GROSSOS";723
"240450 GUAMARE";1100
"240460 IELMO MARINHO";1150
"240470 IPANGUACU";1388
"240480 IPUEIRA";162
"240485 ITAJA";696
"240490 ITAU";471
"240500 JACANA";647
"240510 JANDAIRA";691
"240520 JANDUIS";546
"240530 JANUARIO CICCO";829
"240540 JAPI";601
"240550 JARDIM DE ANGICOS";268
"240560 JARDIM DE PIRANHAS";1106
"240570 JARDIM DO SERIDO";769
"240580 JOAO CAMARA";3196
"240590 JOAO DIAS";238
"240600 JOSE DA PENHA";476
"240610 JUCURUTU";1479
"240615 JUNDIA";319
"240620 LAGOA D'ANTA";584
"240630 LAGOA DE PEDRAS";684
"240640 LAGOA DE VELHOS";264
"240650 LAGOA NOVA";1328
"240660 LAGOA SALGADA";749
"240670 LAJES";892
"240680 LAJES PINTADAS";359
"240690 LUCRECIA";329
"240700 LUIS GOMES";1050
"240710 MACAIBA";6033
"240720 MACAU";2429
"240725 MAJOR SALES";365
"240730 MARCELINO VIEIRA";800
"240740 MARTINS";776
"240750 MAXARANGUAPE";1069
"240760 MESSIAS TARGINO";386
"240770 MONTANHAS";1200
"240780 MONTE ALEGRE";1891
"240790 MONTE DAS GAMELEIRAS";230
"240800 MOSSORO";21882
"240810 NATAL";61734
"240820 NISIA FLORESTA";2201
"240830 NOVA CRUZ";3296
"240840 OLHO-D'AGUA DO BORGES";332
"240850 OURO BRANCO";393
"240860 PARANA";409
"240870 PARAU";364
"240880 PARAZINHO";484
"240890 PARELHAS";1893
"240895 RIO DO FOGO";1191
"240910 PASSA E FICA";853
"240920 PASSAGEM";238
"240930 PATU";1121
"240933 SANTA MARIA";446
"240940 PAU DOS FERROS";2204
"240950 PEDRA GRANDE";370
"240960 PEDRA PRETA";269
"240970 PEDRO AVELINO";797
"240980 PEDRO VELHO";1456
"240990 PENDENCIAS";1146
"241000 PILOES";297
"241010 POCO BRANCO";1319
"241020 PORTALEGRE";687
"241025 PORTO DO MANGUE";513
"241030 SERRA CAIADA";918
"241040 PUREZA";841
"241050 RAFAEL FERNANDES";397
"241060 RAFAEL GODEIRO";275
"241070 RIACHO DA CRUZ";289
"241080 RIACHO DE SANTANA";393
"241090 RIACHUELO";582
"241100 RODOLFO FERNANDES";413
"241105 TIBAU";348
"241110 RUY BARBOSA";289
"241120 SANTA CRUZ";3196
"241140 SANTANA DO MATOS";1197
"241142 SANTANA DO SERIDO";202
"241150 SANTO ANTONIO";1999
"241160 SAO BENTO DO NORTE";308
"241170 SAO BENTO DO TRAIRI";377
"241180 SAO FERNANDO";248
"241190 SAO FRANCISCO DO OESTE";297
"241200 SAO GONCALO DO AMARANTE";7915
"241210 SAO JOAO DO SABUGI";472
"241220 SAO JOSE DE MIPIBU";3764
"241230 SAO JOSE DO CAMPESTRE";1101
"241240 SAO JOSE DO SERIDO";322
"241250 SAO MIGUEL";2122
"241255 SAO MIGUEL DO GOSTOSO";900
"241260 SAO PAULO DO POTENGI";1343
"241270 SAO PEDRO";654
"241280 SAO RAFAEL";626
"241290 SAO TOME";908
"241300 SAO VICENTE";470
"241310 SENADOR ELOI DE SOUZA";489
"241320 SENADOR GEORGINO AVELINO";434
"241330 SERRA DE SAO BENTO";583
"241335 SERRA DO MEL";1048
"241340 SERRA NEGRA DO NORTE";650
"241350 SERRINHA";635
"241355 SERRINHA DOS PINTOS";379
"241360 SEVERIANO MELO";662
"241370 SITIO NOVO";450
"241380 TABOLEIRO GRANDE";226
"241390 TAIPU";1240
"241400 TANGARA";1344
"241410 TENENTE ANANIAS";904
"241415 TENENTE LAURENTINO CRUZ";599
"241420 TIBAU DO SUL";1058
"241430 TIMBAUBA DOS BATISTAS";163
"241440 TOUROS";3080
"241445 TRIUNFO POTIGUAR";397
"241450 UMARIZAL";884
"241460 UPANEMA";1141
"241470 VARZEA";484
"241475 VENHA-VER";365
"241480 VERA CRUZ";867
"241490 VICOSA";128
"241500 VILA FLOR";252
"250010 AGUA BRANCA";865
"250020 AGUIAR";539
"250030 ALAGOA GRANDE";2739
"250040 ALAGOA NOVA";1961
"250050 ALAGOINHA";1323
"250053 ALCANTIL";491
"250057 ALGODAO DE JANDAIRA";268
"250060 ALHANDRA";1867
"250070 SAO JOAO DO RIO DO PEIXE";1375
"250073 AMPARO";226
"250077 APARECIDA";710
"250080 ARACAGI";1585
"250090 ARARA";1122
"250100 ARARUNA";1790
"250110 AREIA";2514
"250115 AREIA DE BARAUNAS";194
"250120 AREIAL";641
"250130 AROEIRAS";1859
"250135 ASSUNCAO";339
"250140 BAIA DA TRAICAO";871
"250150 BANANEIRAS";2010
"250153 BARAUNA";388
"250157 BARRA DE SANTANA";747
"250160 BARRA DE SANTA ROSA";1363
"250170 BARRA DE SAO MIGUEL";500
"250180 BAYEUX";8449
"250190 BELEM";1434
"250200 BELEM DO BREJO DO CRUZ";624
"250205 BERNARDINO BATISTA";327
"250210 BOA VENTURA";590
"250215 BOA VISTA";514
"250220 BOM JESUS";221
"250230 BOM SUCESSO";431
"250240 BONITO DE SANTA FE";1189
"250250 BOQUEIRAO";1621
"250260 IGARACY";568
"250270 BORBOREMA";465
"250280 BREJO DO CRUZ";1210
"250290 BREJO DOS SANTOS";553
"250300 CAAPORA";2141
"250310 CABACEIRAS";481
"250320 CABEDELO";4909
"250330 CACHOEIRA DOS INDIOS";808
"250340 CACIMBA DE AREIA";304
"250350 CACIMBA DE DENTRO";1693
"250355 CACIMBAS";927
"250360 CAICARA";658
"250370 CAJAZEIRAS";4850
"250375 CAJAZEIRINHAS";308
"250380 CALDAS BRANDAO";443
"250390 CAMALAU";539
"250400 CAMPINA GRANDE";32717
"250403 CAPIM";553
"250407 CARAUBAS";332
"250410 CARRAPATEIRA";206
"250415 CASSERENGUE";688
"250420 CATINGUEIRA";480
"250430 CATOLE DO ROCHA";2497
"250435 CATURITE";457
"250440 CONCEICAO";1706
"250450 CONDADO";635
"250460 CONDE";2171
"250470 CONGO";389
"250480 COREMAS";1449
"250485 COXIXOLA";110
"250490 CRUZ DO ESPIRITO SANTO";1532
"250500 CUBATI";753
"250510 CUITE";1761
"250520 CUITEGI";681
"250523 CUITE DE MAMANGUAPE";600
"250527 CURRAL DE CIMA";532
"250530 CURRAL VELHO";233
"250535 DAMIAO";510
"250540 DESTERRO";790
"250550 VISTA SERRANA";328
"250560 DIAMANTE";606
"250570 DONA INES";1116
"250580 DUAS ESTRADAS";330
"250590 EMAS";362
"250600 ESPERANCA";2985
"250610 FAGUNDES";1187
"250620 FREI MARTINHO";262
"250625 GADO BRAVO";820
"250630 GUARABIRA";4779
"250640 GURINHEM";1310
"250650 GURJAO";257
"250660 IBIARA";541
"250670 IMACULADA";1318
"250680 INGA";1610
"250690 ITABAIANA";2114
"250700 ITAPORANGA";2181
"250710 ITAPOROROCA";1610
"250720 ITATUBA";1002
"250730 JACARAU";1351
"250740 JERICO";639
"250750 JOAO PESSOA";56236
"250760 JUAREZ TAVORA";712
"250770 JUAZEIRINHO";1826
"250780 JUNCO DO SERIDO";643
"250790 JURIPIRANGA";1024
"250800 JURU";910
"250810 LAGOA";393
"250820 LAGOA DE DENTRO";723
"250830 LAGOA SECA";2497
"250840 LASTRO";275
"250850 LIVRAMENTO";758
"250855 LOGRADOURO";365
"250860 LUCENA";1210
"250870 MAE D'AGUA";424
"250880 MALTA";533
"250890 MAMANGUAPE";4206
"250900 MANAIRA";1170
"250905 MARCACAO";832
"250910 MARI";1963
"250915 MARIZOPOLIS";606
"250920 MASSARANDUBA";1085
"250930 MATARACA";797
"250933 MATINHAS";439
"250937 MATO GROSSO";251
"250939 MATUREIA";555
"250940 MOGEIRO";1223
"250950 MONTADAS";459
"250960 MONTE HOREBE";416
"250970 MONTEIRO";2621
"250980 MULUNGU";853
"250990 NATUBA";1045
"251000 NAZAREZINHO";671
"251010 NOVA FLORESTA";967
"251020 NOVA OLINDA";614
"251030 NOVA PALMEIRA";357
"251040 OLHO D'AGUA";682
"251050 OLIVEDOS";296
"251060 OURO VELHO";251
"251065 PARARI";176
"251070 PASSAGEM";224
"251080 PATOS";9024
"251090 PAULISTA";989
"251100 PEDRA BRANCA";343
"251110 PEDRA LAVRADA";641
"251120 PEDRAS DE FOGO";2610
"251130 PIANCO";1331
"251140 PICUI";1665
"251150 PILAR";1025
"251160 PILOES";846
"251170 PILOEZINHOS";499
"251180 PIRPIRITUBA";1008
"251190 PITIMBU";1876
"251200 POCINHOS";1816
"251203 POCO DANTAS";439
"251207 POCO DE JOSE DE MOURA";306
"251210 POMBAL";2692
"251220 PRATA";367
"251230 PRINCESA ISABEL";2008
"251240 PUXINANA";1309
"251250 QUEIMADAS";3724
"251260 QUIXABA";141
"251270 REMIGIO";1731
"251272 PEDRO REGIS";598
"251274 RIACHAO";297
"251275 RIACHAO DO BACAMARTE";363
"251276 RIACHAO DO POCO";377
"251278 RIACHO DE SANTO ANTONIO";161
"251280 RIACHO DOS CAVALOS";730
"251290 RIO TINTO";2104
"251300 SALGADINHO";350
"251310 SALGADO DE SAO FELIX";1102
"251315 SANTA CECILIA";669
"251320 SANTA CRUZ";582
"251330 SANTA HELENA";521
"251335 SANTA INES";351
"251340 SANTA LUZIA";1238
"251350 SANTANA DE MANGUEIRA";539
"251360 SANTANA DOS GARROTES";677
"251365 JOCA CLAUDINO";223
"251370 SANTA RITA";11983
"251380 SANTA TERESINHA";381
"251385 SANTO ANDRE";218
"251390 SAO BENTO";2782
"251392 SAO BENTINHO";363
"251394 SAO DOMINGOS DO CARIRI";197
"251396 SAO DOMINGOS";212
"251398 SAO FRANCISCO";273
"251400 SAO JOAO DO CARIRI";357
"251410 SAO JOAO DO TIGRE";477
"251420 SAO JOSE DA LAGOA TAPADA";757
"251430 SAO JOSE DE CAIANA";625
"251440 SAO JOSE DE ESPINHARAS";492
"251445 SAO JOSE DOS RAMOS";516
"251450 SAO JOSE DE PIRANHAS";1671
"251455 SAO JOSE DE PRINCESA";412
"251460 SAO JOSE DO BONFIM";301
"251465 SAO JOSE DO BREJO DO CRUZ";157
"251470 SAO JOSE DO SABUGI";332
"251480 SAO JOSE DOS CORDEIROS";370
"251490 SAO MAMEDE";716
"251500 SAO MIGUEL DE TAIPU";708
"251510 SAO SEBASTIAO DE LAGOA DE ROCA";995
"251520 SAO SEBASTIAO DO UMBUZEIRO";296
"251530 SAPE";4549
"251540 SAO VICENTE DO SERIDO";955
"251550 SERRA BRANCA";1114
"251560 SERRA DA RAIZ";305
"251570 SERRA GRANDE";266
"251580 SERRA REDONDA";622
"251590 SERRARIA";655
"251593 SERTAOZINHO";347
"251597 SOBRADO";647
"251600 SOLANEA";2768
"251610 SOLEDADE";1320
"251615 SOSSEGO";319
"251620 SOUSA";5954
"251630 SUME";1259
"251640 TACIMA";839
"251650 TAPEROA";1355
"251660 TAVARES";1374
"251670 TEIXEIRA";1495
"251675 TENORIO";253
"251680 TRIUNFO";804
"251690 UIRAUNA";1212
"251700 UMBUZEIRO";918
"251710 VARZEA";181
"251720 VIEIROPOLIS";414
"251740 ZABELE";212
"260005 ABREU E LIMA";8026
"260010 AFOGADOS DA INGAZEIRA";3260
"260020 AFRANIO";1760
"260030 AGRESTINA";1938
"260040 AGUA PRETA";3198
"260050 AGUAS BELAS";4874
"260060 ALAGOINHA";1375
"260070 ALIANCA";3643
"260080 ALTINHO";1802
"260090 AMARAJI";2264
"260100 ANGELIM";961
"260105 ARACOIABA";1781
"260110 ARARIPINA";8950
"260120 ARCOVERDE";6660
"260130 BARRA DE GUABIRABA";1258
"260140 BARREIROS";4283
"260150 BELEM DE MARIA";1106
"260160 BELEM DE SAO FRANCISCO";2376
"260170 BELO JARDIM";6468
"260180 BETANIA";1279
"260190 BEZERROS";4707
"260200 BODOCO";3983
"260210 BOM CONSELHO";4834
"260220 BOM JARDIM";3192
"260230 BONITO";3815
"260240 BREJAO";914
"260250 BREJINHO";715
"260260 BREJO DA MADRE DE DEUS";4389
"260270 BUENOS AIRES";1252
"260280 BUIQUE";5967
"260290 CABO DE SANTO AGOSTINHO";16016
"260300 CABROBO";3342
"260310 CACHOEIRINHA";1601
"260320 CAETES";2871
"260330 CALCADO";1300
"260340 CALUMBI";564
"260345 CAMARAGIBE";11420
"260350 CAMOCIM DE SAO FELIX";1413
"260360 CAMUTANGA";759
"260370 CANHOTINHO";2486
"260380 CAPOEIRAS";2060
"260390 CARNAIBA";1810
"260392 CARNAUBEIRA DA PENHA";1500
"260400 CARPINA";6255
"260410 CARUARU";26629
"260415 CASINHAS";1346
"260420 CATENDE";3798
"260430 CEDRO";1057
"260440 CHA DE ALEGRIA";1114
"260450 CHA GRANDE";1816
"260460 CONDADO";2327
"260470 CORRENTES";1739
"260480 CORTES";1280
"260490 CUMARU";1971
"260500 CUPIRA";1981
"260510 CUSTODIA";3221
"260515 DORMENTES";1744
"260520 ESCADA";5832
"260530 EXU";3660
"260540 FEIRA NOVA";1881
"260545 FERNANDO DE NORONHA";218
"260550 FERREIROS";1060
"260560 FLORES";2142
"260570 FLORESTA";3153
"260580 FREI MIGUELINHO";1184
"260590 GAMELEIRA";2517
"260600 GARANHUNS";12641
"260610 GLORIA DO GOITA";2652
"260620 GOIANA";7064
"260630 GRANITO";694
"260640 GRAVATA";6331
"260650 IATI";2154
"260660 IBIMIRIM";2922
"260670 IBIRAJUBA";717
"260680 IGARASSU";8636
"260690 IGUARACY";1199
"260700 INAJA";2211
"260710 INGAZEIRA";409
"260720 IPOJUCA";7804
"260730 IPUBI";3200
"260740 ITACURUBA";499
"260750 ITAIBA";2931
"260760 ILHA DE ITAMARACA";1720
"260765 ITAMBE";3580
"260770 ITAPETIM";1301
"260775 ITAPISSUMA";2229
"260780 ITAQUITINGA";1712
"260790 JABOATAO DOS GUARARAPES";55102
"260795 JAQUEIRA";1279
"260800 JATAUBA";1551
"260805 JATOBA";1417
"260810 JOAO ALFREDO";2494
"260820 JOAQUIM NABUCO";1767
"260825 JUCATI";1161
"260830 JUPI";1288
"260840 JUREMA";1500
"260845 LAGOA DO CARRO";1505
"260850 LAGOA DE ITAENGA";2083
"260860 LAGOA DO OURO";1217
"260870 LAGOA DOS GATOS";1594
"260875 LAGOA GRANDE";2489
"260880 LAJEDO";3398
"260890 LIMOEIRO";4513
"260900 MACAPARANA";2179
"260910 MACHADOS";1316
"260915 MANARI";2046
"260920 MARAIAL";1515
"260930 MIRANDIBA";1563
"260940 MORENO";4602
"260950 NAZARE DA MATA";2716
"260960 OLINDA";30747
"260970 OROBO";2078
"260980 OROCO";1480
"260990 OURICURI";7128
"261000 PALMARES";5725
"261010 PALMEIRINA";940
"261020 PANELAS";2723
"261030 PARANATAMA";1162
"261040 PARNAMIRIM";2272
"261050 PASSIRA";2627
"261060 PAUDALHO";4932
"261070 PAULISTA";24142
"261080 PEDRA";2327
"261090 PESQUEIRA";6179
"261100 PETROLANDIA";3656
"261110 PETROLINA";27786
"261120 POCAO";1220
"261130 POMBOS";2208
"261140 PRIMAVERA";1268
"261150 QUIPAPA";2591
"261153 QUIXABA";654
"261160 RECIFE";116914
"261170 RIACHO DAS ALMAS";1663
"261180 RIBEIRAO";4216
"261190 RIO FORMOSO";2294
"261200 SAIRE";1012
"261210 SALGADINHO";737
"261220 SALGUEIRO";6009
"261230 SALOA";1587
"261240 SANHARO";1917
"261245 SANTA CRUZ";1473
"261247 SANTA CRUZ DA BAIXA VERDE";1179
"261250 SANTA CRUZ DO CAPIBARIBE";7565
"261255 SANTA FILOMENA";1494
"261260 SANTA MARIA DA BOA VISTA";4868
"261270 SANTA MARIA DO CAMBUCA";1262
"261280 SANTA TEREZINHA";1193
"261290 SAO BENEDITO DO SUL";1158
"261300 SAO BENTO DO UNA";5451
"261310 SAO CAITANO";3462
"261320 SAO JOAO";2117
"261330 SAO JOAQUIM DO MONTE";1904
"261340 SAO JOSE DA COROA GRANDE";1864
"261350 SAO JOSE DO BELMONTE";3202
"261360 SAO JOSE DO EGITO";2783
"261370 SAO LOURENCO DA MATA";9046
"261380 SAO VICENTE FERRER";1606
"261390 SERRA TALHADA";7510
"261400 SERRITA";1979
"261410 SERTANIA";3210
"261420 SIRINHAEM";4239
"261430 MOREILANDIA";1170
"261440 SOLIDAO";578
"261450 SURUBIM";5063
"261460 TABIRA";2400
"261470 TACAIMBO";1258
"261480 TACARATU";2339
"261485 TAMANDARE";2113
"261500 TAQUARITINGA DO NORTE";2139
"261510 TEREZINHA";700
"261520 TERRA NOVA";877
"261530 TIMBAUBA";5289
"261540 TORITAMA";3166
"261550 TRACUNHAEM";1378
"261560 TRINDADE";3124
"261570 TRIUNFO";1303
"261580 TUPANATINGA";2870
"261590 TUPARETAMA";689
"261600 VENTUROSA";1640
"261610 VERDEJANTE";970
"261618 VERTENTE DO LERIO";757
"261620 VERTENTES";1671
"261630 VICENCIA";2750
"261640 VITORIA DE SANTO ANTAO";11141
"261650 XEXEU";1547
"270010 AGUA BRANCA";2368
"270020 ANADIA";1946
"270030 ARAPIRACA";20980
"270040 ATALAIA";5403
"270050 BARRA DE SANTO ANTONIO";1557
"270060 BARRA DE SAO MIGUEL";824
"270070 BATALHA";1721
"270080 BELEM";535
"270090 BELO MONTE";650
"270100 BOCA DA MATA";2786
"270110 BRANQUINHA";1358
"270120 CACIMBINHAS";1183
"270130 CAJUEIRO";2337
"270135 CAMPESTRE";766
"270140 CAMPO ALEGRE";5787
"270150 CAMPO GRANDE";992
"270160 CANAPI";2326
"270170 CAPELA";2195
"270180 CARNEIROS";1018
"270190 CHA PRETA";945
"270200 COITE DO NOIA";1237
"270210 COLONIA LEOPOLDINA";2321
"270220 COQUEIRO SECO";590
"270230 CORURIPE";5761
"270235 CRAIBAS";2548
"270240 DELMIRO GOUVEIA";5265
"270250 DOIS RIACHOS";1244
"270255 ESTRELA DE ALAGOAS";1767
"270260 FEIRA GRANDE";2476
"270270 FELIZ DESERTO";469
"270280 FLEXEIRAS";1435
"270290 GIRAU DO PONCIANO";3858
"270300 IBATEGUARA";1827
"270310 IGACI";2785
"270320 IGREJA NOVA";2425
"270330 INHAPI";2330
"270340 JACARE DOS HOMENS";695
"270350 JACUIPE";811
"270360 JAPARATINGA";966
"270370 JARAMATAIA";678
"270375 JEQUIA DA PRAIA";1382
"270380 JOAQUIM GOMES";3045
"270390 JUNDIA";462
"270400 JUNQUEIRO";2531
"270410 LAGOA DA CANOA";2029
"270420 LIMOEIRO DE ANADIA";2594
"270430 MACEIO";84759
"270440 MAJOR ISIDORO";1978
"270450 MARAGOGI";3130
"270460 MARAVILHA";1471
"270470 MARECHAL DEODORO";4615
"270480 MARIBONDO";1489
"270490 MAR VERMELHO";398
"270500 MATA GRANDE";3218
"270510 MATRIZ DE CAMARAGIBE";2863
"270520 MESSIAS";1752
"270530 MINADOR DO NEGRAO";536
"270540 MONTEIROPOLIS";837
"270550 MURICI";3157
"270560 NOVO LINO";1380
"270570 OLHO D'AGUA DAS FLORES";2270
"270580 OLHO D'AGUA DO CASADO";994
"270590 OLHO D'AGUA GRANDE";626
"270600 OLIVENCA";1134
"270610 OURO BRANCO";1272
"270620 PALESTINA";528
"270630 PALMEIRA DOS INDIOS";7156
"270640 PAO DE ACUCAR";2883
"270642 PARICONHA";1234
"270644 PARIPUEIRA";1129
"270650 PASSO DE CAMARAGIBE";1931
"270660 PAULO JACINTO";772
"270670 PENEDO";6347
"270680 PIACABUCU";1946
"270690 PILAR";3804
"270700 PINDOBA";299
"270710 PIRANHAS";2819
"270720 POCO DAS TRINCHEIRAS";1798
"270730 PORTO CALVO";2878
"270740 PORTO DE PEDRAS";1092
"270750 PORTO REAL DO COLEGIO";2071
"270760 QUEBRANGULO";1229
"270770 RIO LARGO";7355
"270780 ROTEIRO";1033
"270790 SANTA LUZIA DO NORTE";726
"270800 SANTANA DO IPANEMA";5132
"270810 SANTANA DO MUNDAU";1305
"270820 SAO BRAS";727
"270830 SAO JOSE DA LAJE";2570
"270840 SAO JOSE DA TAPERA";3742
"270850 SAO LUIS DO QUITUNDE";3925
"270860 SAO MIGUEL DOS CAMPOS";5684
"270870 SAO MIGUEL DOS MILAGRES";802
"270880 SAO SEBASTIAO";3663
"270890 SATUBA";1122
"270895 SENADOR RUI PALMEIRA";1653
"270900 TANQUE D'ARCA";659
"270910 TAQUARANA";1978
"270915 TEOTONIO VILELA";4963
"270920 TRAIPU";3140
"270930 UNIAO DOS PALMARES";6895
"270940 VICOSA";2848
"280010 AMPARO DE SAO FRANCISCO";227
"280020 AQUIDABA";1849
"280030 ARACAJU";44074
"280040 ARAUA";1189
"280050 AREIA BRANCA";1632
"280060 BARRA DOS COQUEIROS";2212
"280067 BOQUIM";2409
"280070 BREJO GRANDE";917
"280100 CAMPO DO BRITO";1516
"280110 CANHOBA";422
"280120 CANINDE DE SAO FRANCISCO";2472
"280130 CAPELA";3079
"280140 CARIRA";1928
"280150 CARMOPOLIS";1323
"280160 CEDRO DE SAO JOAO";527
"280170 CRISTINAPOLIS";1689
"280190 CUMBE";309
"280200 DIVINA PASTORA";441
"280210 ESTANCIA";6040
"280220 FEIRA NOVA";521
"280230 FREI PAULO";1213
"280240 GARARU";1164
"280250 GENERAL MAYNARD";237
"280260 GRACHO CARDOSO";538
"280270 ILHA DAS FLORES";1011
"280280 INDIAROBA";1802
"280290 ITABAIANA";7634
"280300 ITABAIANINHA";4138
"280310 ITABI";417
"280320 ITAPORANGA D'AJUDA";2953
"280330 JAPARATUBA";1463
"280340 JAPOATA";1485
"280350 LAGARTO";8088
"280360 LARANJEIRAS";2686
"280370 MACAMBIRA";570
"280380 MALHADA DOS BOIS";400
"280390 MALHADOR";1176
"280400 MARUIM";1810
"280410 MOITA BONITA";931
"280420 MONTE ALEGRE DE SERGIPE";1424
"280430 MURIBECA";670
"280440 NEOPOLIS";1872
"280445 NOSSA SENHORA APARECIDA";713
"280450 NOSSA SENHORA DA GLORIA";2824
"280460 NOSSA SENHORA DAS DORES";2309
"280470 NOSSA SENHORA DE LOURDES";636
"280480 NOSSA SENHORA DO SOCORRO";15541
"280490 PACATUBA";1375
"280500 PEDRA MOLE";254
"280510 PEDRINHAS";829
"280520 PINHAO";511
"280530 PIRAMBU";892
"280540 POCO REDONDO";3446
"280550 POCO VERDE";1844
"280560 PORTO DA FOLHA";2880
"280570 PROPRIA";2762
"280580 RIACHAO DO DANTAS";1832
"280590 RIACHUELO";1015
"280600 RIBEIROPOLIS";1385
"280610 ROSARIO DO CATETE";908
"280620 SALGADO";1776
"280630 SANTA LUZIA DO ITANHY";1507
"280640 SANTANA DO SAO FRANCISCO";730
"280650 SANTA ROSA DE LIMA";390
"280660 SANTO AMARO DAS BROTAS";1250
"280670 SAO CRISTOVAO";7540
"280680 SAO DOMINGOS";973
"280690 SAO FRANCISCO";261
"280700 SAO MIGUEL DO ALEIXO";294
"280710 SIMAO DIAS";3243
"280720 SIRIRI";843
"280730 TELHA";257
"280740 TOBIAS BARRETO";4090
"280750 TOMAR DO GERU";1281
"280760 UMBAUBA";2222
"290010 ABAIRA";667
"290020 ABARE";1809
"290030 ACAJUTIBA";1578
"290035 ADUSTINA";1342
"290040 AGUA FRIA";1328
"290050 ERICO CARDOSO";806
"290060 AIQUARA";455
"290070 ALAGOINHAS";11606
"290080 ALCOBACA";2445
"290090 ALMADINA";620
"290100 AMARGOSA";2783
"290110 AMELIA RODRIGUES";2440
"290115 AMERICA DOURADA";1826
"290120 ANAGE";2472
"290130 ANDARAI";1354
"290135 ANDORINHA";1328
"290140 ANGICAL";1313
"290150 ANGUERA";800
"290160 ANTAS";1211
"290170 ANTONIO CARDOSO";1103
"290180 ANTONIO GONCALVES";1033
"290190 APORA";1582
"290195 APUAREMA";727
"290200 ARACATU";1259
"290205 ARACAS";1204
"290210 ARACI";5201
"290220 ARAMARI";827
"290225 ARATACA";1470
"290230 ARATUIPE";755
"290240 AURELINO LEAL";1605
"290250 BAIANOPOLIS";1424
"290260 BAIXA GRANDE";2199
"290265 BANZAE";1310
"290270 BARRA";5517
"290280 BARRA DA ESTIVA";2328
"290290 BARRA DO CHOCA";4114
"290300 BARRA DO MENDES";1323
"290310 BARRA DO ROCHA";728
"290320 BARREIRAS";13024
"290323 BARRO ALTO";1269
"290327 BARROCAS";1391
"290330 BARRO PRETO";734
"290340 BELMONTE";2324
"290350 BELO CAMPO";1686
"290360 BIRITINGA";1432
"290370 BOA NOVA";1483
"290380 BOA VISTA DO TUPIM";1981
"290390 BOM JESUS DA LAPA";6601
"290395 BOM JESUS DA SERRA";1029
"290400 BONINAL";1157
"290405 BONITO";1580
"290410 BOQUIRA";1821
"290420 BOTUPORA";945
"290430 BREJOES";1408
"290440 BREJOLANDIA";898
"290450 BROTAS DE MACAUBAS";1161
"290460 BRUMADO";5261
"290470 BUERAREMA";1735
"290475 BURITIRAMA";1941
"290480 CAATIBA";1107
"290485 CABACEIRAS DO PARAGUACU";1756
"290490 CACHOEIRA";2564
"290500 CACULE";1618
"290510 CAEM";1290
"290515 CAETANOS";1184
"290520 CAETITE";4120
"290530 CAFARNAUM";1918
"290540 CAIRU";1472
"290550 CALDEIRAO GRANDE";1359
"290560 CAMACAN";3709
"290570 CAMACARI";21073
"290580 CAMAMU";4149
"290590 CAMPO ALEGRE DE LOURDES";3004
"290600 CAMPO FORMOSO";6677
"290610 CANAPOLIS";1052
"290620 CANARANA";2451
"290630 CANAVIEIRAS";3269
"290640 CANDEAL";769
"290650 CANDEIAS";7371
"290660 CANDIBA";1113
"290670 CANDIDO SALES";2734
"290680 CANSANCAO";3449
"290682 CANUDOS";1658
"290685 CAPELA DO ALTO ALEGRE";962
"290687 CAPIM GROSSO";2779
"290689 CARAIBAS";931
"290690 CARAVELAS";2134
"290700 CARDEAL DA SILVA";882
"290710 CARINHANHA";3115
"290720 CASA NOVA";6843
"290730 CASTRO ALVES";2150
"290740 CATOLANDIA";324
"290750 CATU";4349
"290755 CATURAMA";779
"290760 CENTRAL";1779
"290770 CHORROCHO";1074
"290780 CICERO DANTAS";2599
"290790 CIPO";1642
"290800 COARACI";2255
"290810 COCOS";1760
"290820 CONCEICAO DA FEIRA";1829
"290830 CONCEICAO DO ALMEIDA";1364
"290840 CONCEICAO DO COITE";5633
"290850 CONCEICAO DO JACUIPE";2679
"290860 CONDE";2393
"290870 CONDEUBA";1574
"290880 CONTENDAS DO SINCORA";391
"290890 CORACAO DE MARIA";2133
"290900 CORDEIROS";566
"290910 CORIBE";1322
"290920 CORONEL JOAO SA";1882
"290930 CORRENTINA";2881
"290940 COTEGIPE";1345
"290950 CRAVOLANDIA";498
"290960 CRISOPOLIS";1876
"290970 CRISTOPOLIS";1227
"290980 CRUZ DAS ALMAS";4696
"290990 CURACA";3427
"291000 DARIO MEIRA";1500
"291005 DIAS D'AVILA";6283
"291010 DOM BASILIO";1013
"291020 DOM MACEDO COSTA";306
"291030 ELISIO MEDRADO";668
"291040 ENCRUZILHADA";2838
"291050 ENTRE RIOS";3937
"291060 ESPLANADA";3418
"291070 EUCLIDES DA CUNHA";5411
"291072 EUNAPOLIS";9887
"291075 FATIMA";1525
"291077 FEIRA DA MATA";510
"291080 FEIRA DE SANTANA";47491
"291085 FILADELFIA";1672
"291090 FIRMINO ALVES";496
"291100 FLORESTA AZUL";1087
"291110 FORMOSA DO RIO PRETO";2363
"291120 GANDU";3073
"291125 GAVIAO";361
"291130 GENTIO DO OURO";980
"291140 GLORIA";1415
"291150 GONGOGI";859
"291160 GOVERNADOR MANGABEIRA";1860
"291165 GUAJERU";910
"291170 GUANAMBI";6540
"291180 GUARATINGA";2407
"291185 HELIOPOLIS";1074
"291190 IACU";2705
"291200 IBIASSUCE";955
"291210 IBICARAI";2361
"291220 IBICOARA";1888
"291230 IBICUI";1405
"291240 IBIPEBA";1607
"291250 IBIPITANGA";1115
"291260 IBIQUERA";410
"291270 IBIRAPITANGA";2760
"291280 IBIRAPUA";742
"291290 IBIRATAIA";2256
"291300 IBITIARA";1195
"291310 IBITITA";1698
"291320 IBOTIRAMA";2479
"291330 ICHU";525
"291340 IGAPORA";1284
"291345 IGRAPIUNA";1782
"291350 IGUAI";2534
"291360 ILHEUS";18734
"291370 INHAMBUPE";3281
"291380 IPECAETA";1349
"291390 IPIAU";4177
"291400 IPIRA";5684
"291410 IPUPIARA";774
"291420 IRAJUBA";684
"291430 IRAMAIA";1416
"291440 IRAQUARA";2130
"291450 IRARA";2352
"291460 IRECE";6252
"291465 ITABELA";3200
"291470 ITABERABA";5967
"291480 ITABUNA";17120
"291490 ITACARE";2531
"291500 ITAETE";1564
"291510 ITAGI";1330
"291520 ITAGIBA";1553
"291530 ITAGIMIRIM";735
"291535 ITAGUACU DA BAHIA";1400
"291540 ITAJU DO COLONIA";939
"291550 ITAJUIPE";1969
"291560 ITAMARAJU";6438
"291570 ITAMARI";915
"291580 ITAMBE";2638
"291590 ITANAGRA";663
"291600 ITANHEM";1759
"291610 ITAPARICA";1881
"291620 ITAPE";1246
"291630 ITAPEBI";1178
"291640 ITAPETINGA";6028
"291650 ITAPICURU";3296
"291660 ITAPITANGA";1008
"291670 ITAQUARA";646
"291680 ITARANTIM";1625
"291685 ITATIM";1319
"291690 ITIRUCU";1182
"291700 ITIUBA";3635
"291710 ITORORO";1886
"291720 ITUACU";1567
"291730 ITUBERA";2816
"291733 IUIU";1029
"291735 JABORANDI";807
"291740 JACARACI";1067
"291750 JACOBINA";7272
"291760 JAGUAQUARA";5159
"291770 JAGUARARI";2693
"291780 JAGUARIPE";1563
"291790 JANDAIRA";1196
"291800 JEQUIE";13830
"291810 JEREMOABO";3735
"291820 JIQUIRICA";1395
"291830 JITAUNA";1565
"291835 JOAO DOURADO";2485
"291840 JUAZEIRO";20094
"291845 JUCURUCU";1109
"291850 JUSSARA";1742
"291855 JUSSARI";648
"291860 JUSSIAPE";713
"291870 LAFAIETE COUTINHO";338
"291875 LAGOA REAL";1102
"291880 LAJE";1958
"291890 LAJEDAO";343
"291900 LAJEDINHO";409
"291905 LAJEDO DO TABOCAL";756
"291910 LAMARAO";958
"291915 LAPAO";2832
"291920 LAURO DE FREITAS";12970
"291930 LENCOIS";1119
"291940 LICINIO DE ALMEIDA";1113
"291950 LIVRAMENTO DE NOSSA SENHORA";3312
"291955 LUIS EDUARDO MAGALHAES";5042
"291960 MACAJUBA";1251
"291970 MACARANI";1486
"291980 MACAUBAS";3662
"291990 MACURURE";866
"291992 MADRE DE DEUS";1307
"291995 MAETINGA";743
"292000 MAIQUINIQUE";823
"292010 MAIRI";1714
"292020 MALHADA";1840
"292030 MALHADA DE PEDRAS";721
"292040 MANOEL VITORINO";1490
"292045 MANSIDAO";1186
"292050 MARACAS";2489
"292060 MARAGOGIPE";3753
"292070 MARAU";2195
"292080 MARCIONILIO SOUZA";1130
"292090 MASCOTE";1842
"292100 MATA DE SAO JOAO";3644
"292105 MATINA";1117
"292110 MEDEIROS NETO";2028
"292120 MIGUEL CALMON";2677
"292130 MILAGRES";1113
"292140 MIRANGABA";1527
"292145 MIRANTE";1041
"292150 MONTE SANTO";5023
"292160 MORPARA";833
"292170 MORRO DO CHAPEU";3825
"292180 MORTUGABA";1001
"292190 MUCUGE";1151
"292200 MUCURI";3553
"292205 MULUNGU DO MORRO";1592
"292210 MUNDO NOVO";2319
"292220 MUNIZ FERREIRA";586
"292225 MUQUEM DE SAO FRANCISCO";1296
"292230 MURITIBA";2436
"292240 MUTUIPE";1805
"292250 NAZARE";2498
"292260 NILO PECANHA";1237
"292265 NORDESTINA";1151
"292270 NOVA CANAA";1585
"292273 NOVA FATIMA";589
"292275 NOVA IBIA";731
"292280 NOVA ITARANA";796
"292285 NOVA REDENCAO";769
"292290 NOVA SOURE";2632
"292300 NOVA VICOSA";3996
"292303 NOVO HORIZONTE";960
"292305 NOVO TRIUNFO";1301
"292310 OLINDINA";2642
"292320 OLIVEIRA DOS BREJINHOS";1862
"292330 OURICANGAS";663
"292335 OUROLANDIA";1883
"292340 PALMAS DE MONTE ALTO";1736
"292350 PALMEIRAS";851
"292360 PARAMIRIM";1474
"292370 PARATINGA";3077
"292380 PARIPIRANGA";2393
"292390 PAU BRASIL";1411
"292400 PAULO AFONSO";10131
"292405 PE DE SERRA";1246
"292410 PEDRAO";514
"292420 PEDRO ALEXANDRE";1771
"292430 PIATA";1820
"292440 PILAO ARCADO";3735
"292450 PINDAI";1258
"292460 PINDOBACU";2237
"292465 PINTADAS";951
"292467 PIRAI DO NORTE";1118
"292470 PIRIPA";1150
"292480 PIRITIBA";2162
"292490 PLANALTINO";794
"292500 PLANALTO";2283
"292510 POCOES";4729
"292520 POJUCA";2914
"292525 PONTO NOVO";1655
"292530 PORTO SEGURO";13251
"292540 POTIRAGUA";1218
"292550 PRADO";3131
"292560 PRESIDENTE DUTRA";1456
"292570 PRESIDENTE JANIO QUADROS";1185
"292575 PRESIDENTE TANCREDO NEVES";2459
"292580 QUEIMADAS";2466
"292590 QUIJINGUE";2485
"292593 QUIXABEIRA";787
"292595 RAFAEL JAMBEIRO";2109
"292600 REMANSO";3965
"292610 RETIROLANDIA";1231
"292620 RIACHAO DAS NEVES";2291
"292630 RIACHAO DO JACUIPE";2676
"292640 RIACHO DE SANTANA";2950
"292650 RIBEIRA DO AMPARO";1329
"292660 RIBEIRA DO POMBAL";4699
"292665 RIBEIRAO DO LARGO";1386
"292670 RIO DE CONTAS";992
"292680 RIO DO ANTONIO";1083
"292690 RIO DO PIRES";851
"292700 RIO REAL";3624
"292710 RODELAS";837
"292720 RUY BARBOSA";2773
"292730 SALINAS DA MARGARIDA";1189
"292740 SALVADOR";198649
"292750 SANTA BARBARA";1819
"292760 SANTA BRIGIDA";1787
"292770 SANTA CRUZ CABRALIA";2923
"292780 SANTA CRUZ DA VITORIA";600
"292790 SANTA INES";923
"292800 SANTALUZ";3184
"292805 SANTA LUZIA";1482
"292810 SANTA MARIA DA VITORIA";3906
"292820 SANTANA";2312
"292830 SANTANOPOLIS";834
"292840 SANTA RITA DE CASSIA";2686
"292850 SANTA TERESINHA";765
"292860 SANTO AMARO";5144
"292870 SANTO ANTONIO DE JESUS";7548
"292880 SANTO ESTEVAO";4420
"292890 SAO DESIDERIO";2778
"292895 SAO DOMINGOS";755
"292900 SAO FELIX";1121
"292905 SAO FELIX DO CORIBE";1482
"292910 SAO FELIPE";1689
"292920 SAO FRANCISCO DO CONDE";3138
"292925 SAO GABRIEL";1949
"292930 SAO GONCALO DOS CAMPOS";2953
"292935 SAO JOSE DA VITORIA";625
"292937 SAO JOSE DO JACUIPE";1001
"292940 SAO MIGUEL DAS MATAS";986
"292950 SAO SEBASTIAO DO PASSE";3649
"292960 SAPEACU";1495
"292970 SATIRO DIAS";1590
"292975 SAUBARA";1043
"292980 SAUDE";1316
"292990 SEABRA";4107
"293000 SEBASTIAO LARANJEIRAS";817
"293010 SENHOR DO BONFIM";6880
"293015 SERRA DO RAMALHO";3537
"293020 SENTO SE";4434
"293030 SERRA DOURADA";1678
"293040 SERRA PRETA";1460
"293050 SERRINHA";6808
"293060 SERROLANDIA";1137
"293070 SIMOES FILHO";11306
"293075 SITIO DO MATO";1468
"293076 SITIO DO QUINTO";1333
"293077 SOBRADINHO";2343
"293080 SOUTO SOARES";1658
"293090 TABOCAS DO BREJO VELHO";1250
"293100 TANHACU";1693
"293105 TANQUE NOVO";1470
"293110 TANQUINHO";657
"293120 TAPEROA";2009
"293130 TAPIRAMUTA";2016
"293135 TEIXEIRA DE FREITAS";12716
"293140 TEODORO SAMPAIO";676
"293150 TEOFILANDIA";2152
"293160 TEOLANDIA";1307
"293170 TERRA NOVA";1138
"293180 TREMEDAL";1516
"293190 TUCANO";4433
"293200 UAUA";2311
"293210 UBAIRA";1913
"293220 UBAITABA";2191
"293230 UBATA";2260
"293240 UIBAI";1187
"293245 UMBURANAS";1588
"293250 UNA";2797
"293260 URANDI";1401
"293270 URUCUCA";2190
"293280 UTINGA";1862
"293290 VALENCA";7623
"293300 VALENTE";1976
"293305 VARZEA DA ROCA";1190
"293310 VARZEA DO POCO";756
"293315 VARZEA NOVA";1378
"293317 VARZEDO";753
"293320 VERA CRUZ";3150
"293325 VEREDA";620
"293330 VITORIA DA CONQUISTA";26984
"293340 WAGNER";866
"293345 WANDERLEY";1420
"293350 WENCESLAU GUIMARAES";2607
"293360 XIQUE-XIQUE";5119
"310010 ABADIA DOS DOURADOS";475
"310020 ABAETE";1655
"310030 ABRE CAMPO";1091
"310040 ACAIACA";324
"310050 ACUCENA";869
"310060 AGUA BOA";1605
"310070 AGUA COMPRIDA";135
"310080 AGUANIL";291
"310090 AGUAS FORMOSAS";1687
"310100 AGUAS VERMELHAS";1185
"310110 AIMORES";2049
"310120 AIURUOCA";394
"310130 ALAGOA";200
"310140 ALBERTINA";207
"310150 ALEM PARAIBA";2653
"310160 ALFENAS";5555
"310163 ALFREDO VASCONCELOS";471
"310170 ALMENARA";3458
"310180 ALPERCATA";584
"310190 ALPINOPOLIS";1375
"310200 ALTEROSA";1036
"310205 ALTO CAPARAO";450
"310210 ALTO RIO DOCE";864
"310220 ALVARENGA";411
"310230 ALVINOPOLIS";1164
"310240 ALVORADA DE MINAS";402
"310250 AMPARO DO SERRA";384
"310260 ANDRADAS";2555
"310270 CACHOEIRA DE PAJEU";821
"310280 ANDRELANDIA";865
"310285 ANGELANDIA";808
"310290 ANTONIO CARLOS";770
"310300 ANTONIO DIAS";864
"310310 ANTONIO PRADO DE MINAS";92
"310320 ARACAI";166
"310330 ARACITABA";115
"310340 ARACUAI";3217
"310350 ARAGUARI";8055
"310360 ARANTINA";200
"310370 ARAPONGA";694
"310375 ARAPORA";547
"310380 ARAPUA";180
"310390 ARAUJOS";653
"310400 ARAXA";6634
"310410 ARCEBURGO";749
"310420 ARCOS";2552
"310430 AREADO";1056
"310440 ARGIRITA";203
"310445 ARICANDUVA";471
"310450 ARINOS";1788
"310460 ASTOLFO DUTRA";912
"310470 ATALEIA";1335
"310480 AUGUSTO DE LIMA";456
"310490 BAEPENDI";1318
"310500 BALDIM";672
"310510 BAMBUI";1398
"310520 BANDEIRA";420
"310530 BANDEIRA DO SUL";384
"310540 BARAO DE COCAIS";2278
"310550 BARAO DE MONTE ALTO";417
"310560 BARBACENA";8824
"310570 BARRA LONGA";473
"310590 BARROSO";1535
"310600 BELA VISTA DE MINAS";907
"310610 BELMIRO BRAGA";276
"310620 BELO HORIZONTE";160131
"310630 BELO ORIENTE";2008
"310640 BELO VALE";510
"310650 BERILO";1009
"310660 BERTOPOLIS";513
"310665 BERIZAL";399
"310670 BETIM";31450
"310680 BIAS FORTES";275
"310690 BICAS";964
"310700 BIQUINHAS";141
"310710 BOA ESPERANCA";3056
"310720 BOCAINA DE MINAS";317
"310730 BOCAIUVA";4098
"310740 BOM DESPACHO";3235
"310750 BOM JARDIM DE MINAS";469
"310760 BOM JESUS DA PENHA";248
"310770 BOM JESUS DO AMPARO";409
"310780 BOM JESUS DO GALHO";1275
"310790 BOM REPOUSO";838
"310800 BOM SUCESSO";1211
"310810 BONFIM";400
"310820 BONFINOPOLIS DE MINAS";514
"310825 BONITO DE MINAS";976
"310830 BORDA DA MATA";1126
"310840 BOTELHOS";1138
"310850 BOTUMIRIM";634
"310855 BRASILANDIA DE MINAS";1351
"310860 BRASILIA DE MINAS";2607
"310870 BRAS PIRES";350
"310880 BRAUNAS";347
"310890 BRAZOPOLIS";1085
"310900 BRUMADINHO";2389
"310910 BUENO BRANDAO";802
"310920 BUENOPOLIS";788
"310925 BUGRE";340
"310930 BURITIS";2215
"310940 BURITIZEIRO";2757
"310945 CABECEIRA GRANDE";598
"310950 CABO VERDE";1096
"310960 CACHOEIRA DA PRATA";246
"310970 CACHOEIRA DE MINAS";899
"310980 CACHOEIRA DOURADA";204
"310990 CAETANOPOLIS";710
"311000 CAETE";3173
"311010 CAIANA";412
"311020 CAJURI";317
"311030 CALDAS";937
"311040 CAMACHO";224
"311050 CAMANDUCAIA";1655
"311060 CAMBUI";1734
"311070 CAMBUQUIRA";928
"311080 CAMPANARIO";266
"311090 CAMPANHA";1181
"311100 CAMPESTRE";1503
"311110 CAMPINA VERDE";1363
"311115 CAMPO AZUL";330
"311120 CAMPO BELO";3758
"311130 CAMPO DO MEIO";906
"311140 CAMPO FLORIDO";580
"311150 CAMPOS ALTOS";1271
"311160 CAMPOS GERAIS";2221
"311170 CANAA";323
"311180 CANAPOLIS";905
"311190 CANA VERDE";408
"311200 CANDEIAS";913
"311205 CANTAGALO";399
"311210 CAPARAO";469
"311220 CAPELA NOVA";332
"311230 CAPELINHA";3253
"311240 CAPETINGA";613
"311250 CAPIM BRANCO";643
"311260 CAPINOPOLIS";1289
"311265 CAPITAO ANDRADE";481
"311270 CAPITAO ENEAS";1367
"311280 CAPITOLIO";580
"311290 CAPUTIRA";863
"311300 CARAI";2415
"311310 CARANAIBA";243
"311320 CARANDAI";1723
"311330 CARANGOLA";2379
"311340 CARATINGA";6875
"311350 CARBONITA";733
"311360 CAREACU";530
"311370 CARLOS CHAGAS";1628
"311380 CARMESIA";209
"311390 CARMO DA CACHOEIRA";1071
"311400 CARMO DA MATA";741
"311410 CARMO DE MINAS";1205
"311420 CARMO DO CAJURU";1527
"311430 CARMO DO PARANAIBA";2205
"311440 CARMO DO RIO CLARO";1597
"311450 CARMOPOLIS DE MINAS";1177
"311455 CARNEIRINHO";698
"311460 CARRANCAS";312
"311470 CARVALHOPOLIS";248
"311480 CARVALHOS";256
"311490 CASA GRANDE";154
"311500 CASCALHO RICO";235
"311510 CASSIA";1334
"311520 CONCEICAO DA BARRA DE MINAS";268
"311530 CATAGUASES";4707
"311535 CATAS ALTAS";395
"311540 CATAS ALTAS DA NORUEGA";255
"311545 CATUJI";743
"311547 CATUTI";453
"311550 CAXAMBU";1676
"311560 CEDRO DO ABAETE";86
"311570 CENTRAL DE MINAS";510
"311580 CENTRALINA";810
"311590 CHACARA";157
"311600 CHALE";434
"311610 CHAPADA DO NORTE";1462
"311615 CHAPADA GAUCHA";1042
"311620 CHIADOR";231
"311630 CIPOTANEA";434
"311640 CLARAVAL";393
"311650 CLARO DOS POCOES";620
"311660 CLAUDIO";2028
"311670 COIMBRA";503
"311680 COLUNA";843
"311690 COMENDADOR GOMES";285
"311700 COMERCINHO";788
"311710 CONCEICAO DA APARECIDA";853
"311720 CONCEICAO DAS PEDRAS";186
"311730 CONCEICAO DAS ALAGOAS";1983
"311740 CONCEICAO DE IPANEMA";370
"311750 CONCEICAO DO MATO DENTRO";1646
"311760 CONCEICAO DO PARA";403
"311770 CONCEICAO DO RIO VERDE";1113
"311780 CONCEICAO DOS OUROS";855
"311783 CONEGO MARINHO";591
"311787 CONFINS";399
"311790 CONGONHAL";686
"311800 CONGONHAS";3727
"311810 CONGONHAS DO NORTE";409
"311820 CONQUISTA";487
"311830 CONSELHEIRO LAFAIETE";8545
"311840 CONSELHEIRO PENA";1912
"311850 CONSOLACAO";125
"311860 CONTAGEM";45488
"311870 COQUEIRAL";704
"311880 CORACAO DE JESUS";2423
"311890 CORDISBURGO";596
"311900 CORDISLANDIA";309
"311910 CORINTO";2036
"311920 COROACI";745
"311930 COROMANDEL";2021
"311940 CORONEL FABRICIANO";8386
"311950 CORONEL MURTA";761
"311960 CORONEL PACHECO";195
"311970 CORONEL XAVIER CHAVES";270
"311980 CORREGO DANTA";225
"311990 CORREGO DO BOM JESUS";234
"311995 CORREGO FUNDO";379
"312000 CORREGO NOVO";305
"312010 COUTO DE MAGALHAES DE MINAS";355
"312015 CRISOLITA";536
"312020 CRISTAIS";878
"312030 CRISTALIA";616
"312040 CRISTIANO OTONI";423
"312050 CRISTINA";763
"312060 CRUCILANDIA";341
"312070 CRUZEIRO DA FORTALEZA";309
"312080 CRUZILIA";996
"312083 CUPARAQUE";430
"312087 CURRAL DE DENTRO";660
"312090 CURVELO";5618
"312100 DATAS";456
"312110 DELFIM MOREIRA";612
"312120 DELFINOPOLIS";518
"312125 DELTA";807
"312130 DESCOBERTO";329
"312140 DESTERRO DE ENTRE RIOS";465
"312150 DESTERRO DO MELO";205
"312160 DIAMANTINA";3541
"312170 DIOGO DE VASCONCELOS";280
"312180 DIONISIO";662
"312190 DIVINESIA";295
"312200 DIVINO";1723
"312210 DIVINO DAS LARANJEIRAS";440
"312220 DIVINOLANDIA DE MINAS";601
"312230 DIVINOPOLIS";14534
"312235 DIVISA ALEGRE";590
"312240 DIVISA NOVA";516
"312245 DIVISOPOLIS";695
"312247 DOM BOSCO";305
"312250 DOM CAVATI";390
"312260 DOM JOAQUIM";385
"312270 DOM SILVERIO";320
"312280 DOM VICOSO";207
"312290 DONA EUSEBIA";415
"312300 DORES DE CAMPOS";657
"312310 DORES DE GUANHAES";407
"312320 DORES DO INDAIA";921
"312330 DORES DO TURVO";280
"312340 DORESOPOLIS";118
"312350 DOURADOQUARA";137
"312352 DURANDE";675
"312360 ELOI MENDES";2065
"312370 ENGENHEIRO CALDAS";854
"312380 ENGENHEIRO NAVARRO";639
"312385 ENTRE FOLHAS";391
"312390 ENTRE RIOS DE MINAS";1003
"312400 ERVALIA";1429
"312410 ESMERALDAS";5056
"312420 ESPERA FELIZ";1840
"312430 ESPINOSA";2766
"312440 ESPIRITO SANTO DO DOURADO";292
"312450 ESTIVA";745
"312460 ESTRELA DALVA";193
"312470 ESTRELA DO INDAIA";239
"312480 ESTRELA DO SUL";553
"312490 EUGENOPOLIS";763
"312500 EWBANK DA CAMARA";305
"312510 EXTREMA";1947
"312520 FAMA";153
"312530 FARIA LEMOS";295
"312540 FELICIO DOS SANTOS";457
"312550 SAO GONCALO DO RIO PRETO";241
"312560 FELISBURGO";583
"312570 FELIXLANDIA";1095
"312580 FERNANDES TOURINHO";208
"312590 FERROS";876
"312595 FERVEDOURO";985
"312600 FLORESTAL";399
"312610 FORMIGA";4208
"312620 FORMOSO";761
"312630 FORTALEZA DE MINAS";318
"312640 FORTUNA DE MINAS";214
"312650 FRANCISCO BADARO";649
"312660 FRANCISCO DUMONT";457
"312670 FRANCISCO SA";2196
"312675 FRANCISCOPOLIS";544
"312680 FREI GASPAR";586
"312690 FREI INOCENCIO";796
"312695 FREI LAGONEGRO";294
"312700 FRONTEIRA";1193
"312705 FRONTEIRA DOS VALES";422
"312707 FRUTA DE LEITE";760
"312710 FRUTAL";4059
"312720 FUNILANDIA";328
"312730 GALILEIA";573
"312733 GAMELEIRAS";475
"312735 GLAUCILANDIA";246
"312737 GOIABEIRA";264
"312738 GOIANA";266
"312740 GONCALVES";291
"312750 GONZAGA";525
"312760 GOUVEIA";857
"312770 GOVERNADOR VALADARES";21710
"312780 GRAO MOGOL";1314
"312790 GRUPIARA";111
"312800 GUANHAES";2252
"312810 GUAPE";1046
"312820 GUARACIABA";717
"312825 GUARACIAMA";411
"312830 GUARANESIA";1331
"312840 GUARANI";626
"312850 GUARARA";301
"312860 GUARDA-MOR";580
"312870 GUAXUPE";3491
"312880 GUIDOVAL";523
"312890 GUIMARANIA";557
"312900 GUIRICEMA";614
"312910 GURINHATA";464
"312920 HELIODORA";479
"312930 IAPU";786
"312940 IBERTIOGA";409
"312950 IBIA";1848
"312960 IBIAI";752
"312965 IBIRACATU";522
"312970 IBIRACI";1054
"312980 IBIRITE";13701
"312990 IBITIURA DE MINAS";217
"313000 IBITURUNA";231
"313005 ICARAI DE MINAS";962
"313010 IGARAPE";2744
"313020 IGARATINGA";723
"313030 IGUATAMA";544
"313040 IJACI";419
"313050 ILICINEA";897
"313055 IMBE DE MINAS";571
"313060 INCONFIDENTES";428
"313065 INDAIABIRA";608
"313070 INDIANOPOLIS";510
"313080 INGAI";188
"313090 INHAPIM";1873
"313100 INHAUMA";397
"313110 INIMUTABA";506
"313115 IPABA";1510
"313120 IPANEMA";1355
"313130 IPATINGA";18732
"313140 IPIACU";292
"313150 IPUIUNA";681
"313160 IRAI DE MINAS";569
"313170 ITABIRA";8381
"313180 ITABIRINHA";907
"313190 ITABIRITO";3437
"313200 ITACAMBIRA";368
"313210 ITACARAMBI";1862
"313220 ITAGUARA";853
"313230 ITAIPE";1211
"313240 ITAJUBA";6647
"313250 ITAMARANDIBA";2998
"313260 ITAMARATI DE MINAS";230
"313270 ITAMBACURI";2158
"313280 ITAMBE DO MATO DENTRO";184
"313290 ITAMOGI";735
"313300 ITAMONTE";1042
"313310 ITANHANDU";1099
"313320 ITANHOMI";1016
"313330 ITAOBIM";1924
"313340 ITAPAGIPE";816
"313350 ITAPECERICA";1467
"313360 ITAPEVA";626
"313370 ITATIAIUCU";782
"313375 ITAU DE MINAS";1044
"313380 ITAUNA";5886
"313390 ITAVERAVA";483
"313400 ITINGA";1338
"313410 ITUETA";402
"313420 ITUIUTABA";6999
"313430 ITUMIRIM";451
"313440 ITURAMA";2473
"313450 ITUTINGA";274
"313460 JABOTICATUBAS";1232
"313470 JACINTO";1160
"313480 JACUI";575
"313490 JACUTINGA";1780
"313500 JAGUARACU";239
"313505 JAIBA";3363
"313507 JAMPRUCA";460
"313510 JANAUBA";5829
"313520 JANUARIA";6480
"313530 JAPARAIBA";354
"313535 JAPONVAR";595
"313540 JECEABA";393
"313545 JENIPAPO DE MINAS";594
"313550 JEQUERI";1045
"313560 JEQUITAI";653
"313570 JEQUITIBA";373
"313580 JEQUITINHONHA";2345
"313590 JESUANIA";294
"313600 JOAIMA";1578
"313610 JOANESIA";408
"313620 JOAO MONLEVADE";5402
"313630 JOAO PINHEIRO";3639
"313640 JOAQUIM FELICIO";354
"313650 JORDANIA";837
"313652 JOSE GONCALVES DE MINAS";452
"313655 JOSE RAYDAN";332
"313657 JOSENOPOLIS";528
"313660 NOVA UNIAO";451
"313665 JUATUBA";1785
"313670 JUIZ DE FORA";33948
"313680 JURAMENTO";327
"313690 JURUAIA";646
"313695 JUVENILIA";592
"313700 LADAINHA";1858
"313710 LAGAMAR";528
"313720 LAGOA DA PRATA";3387
"313730 LAGOA DOS PATOS";387
"313740 LAGOA DOURADA";1037
"313750 LAGOA FORMOSA";1177
"313753 LAGOA GRANDE";681
"313760 LAGOA SANTA";3667
"313770 LAJINHA";1744
"313780 LAMBARI";1581
"313790 LAMIM";291
"313800 LARANJAL";408
"313810 LASSANCE";617
"313820 LAVRAS";6232
"313830 LEANDRO FERREIRA";260
"313835 LEME DO PRADO";393
"313840 LEOPOLDINA";3775
"313850 LIBERDADE";398
"313860 LIMA DUARTE";1169
"313862 LIMEIRA DO OESTE";483
"313865 LONTRA";738
"313867 LUISBURGO";586
"313868 LUISLANDIA";622
"313870 LUMINARIAS";438
"313880 LUZ";1245
"313890 MACHACALIS";633
"313900 MACHADO";3205
"313910 MADRE DE DEUS DE MINAS";374
"313920 MALACACHETA";1604
"313925 MAMONAS";436
"313930 MANGA";2090
"313940 MANHUACU";7181
"313950 MANHUMIRIM";1820
"313960 MANTENA";2216
"313970 MARAVILHAS";595
"313980 MAR DE ESPANHA";817
"313990 MARIA DA FE";1130
"314000 MARIANA";4199
"314010 MARILAC";366
"314015 MARIO CAMPOS";1117
"314020 MARIPA DE MINAS";202
"314030 MARLIERIA";331
"314040 MARMELOPOLIS";215
"314050 MARTINHO CAMPOS";929
"314053 MARTINS SOARES";603
"314055 MATA VERDE";644
"314060 MATERLANDIA";400
"314070 MATEUS LEME";2280
"314080 MATIAS BARBOSA";914
"314085 MATIAS CARDOSO";1101
"314090 MATIPO";1744
"314100 MATO VERDE";966
"314110 MATOZINHOS";2592
"314120 MATUTINA";231
"314130 MEDEIROS";262
"314140 MEDINA";1956
"314150 MENDES PIMENTEL";464
"314160 MERCES";692
"314170 MESQUITA";476
"314180 MINAS NOVAS";2736
"314190 MINDURI";272
"314200 MIRABELA";1108
"314210 MIRADOURO";778
"314220 MIRAI";1089
"314225 MIRAVANIA";413
"314230 MOEDA";369
"314240 MOEMA";531
"314250 MONJOLOS";200
"314260 MONSENHOR PAULO";643
"314270 MONTALVANIA";1527
"314280 MONTE ALEGRE DE MINAS";1464
"314290 MONTE AZUL";1666
"314300 MONTE BELO";866
"314310 MONTE CARMELO";3528
"314315 MONTE FORMOSO";541
"314320 MONTE SANTO DE MINAS";1482
"314330 MONTES CLAROS";28953
"314340 MONTE SIAO";1531
"314345 MONTEZUMA";692
"314350 MORADA NOVA DE MINAS";647
"314360 MORRO DA GARCA";219
"314370 MORRO DO PILAR";251
"314380 MUNHOZ";520
"314390 MURIAE";7317
"314400 MUTUM";2343
"314410 MUZAMBINHO";1563
"314420 NACIP RAYDAN";278
"314430 NANUQUE";3553
"314435 NAQUE";575
"314437 NATALANDIA";297
"314440 NATERCIA";305
"314450 NAZARENO";596
"314460 NEPOMUCENO";2043
"314465 NINHEIRA";761
"314467 NOVA BELEM";379
"314470 NOVA ERA";1502
"314480 NOVA LIMA";5683
"314490 NOVA MODICA";348
"314500 NOVA PONTE";1025
"314505 NOVA PORTEIRINHA";669
"314510 NOVA RESENDE";1343
"314520 NOVA SERRANA";5601
"314530 NOVO CRUZEIRO";3226
"314535 NOVO ORIENTE DE MINAS";874
"314537 NOVORIZONTE";454
"314540 OLARIA";124
"314545 OLHOS-D'AGUA";503
"314550 OLIMPIO NORONHA";164
"314560 OLIVEIRA";2864
"314570 OLIVEIRA FORTES";154
"314580 ONCA DE PITANGUI";247
"314585 ORATORIOS";375
"314587 ORIZANIA";635
"314590 OURO BRANCO";2720
"314600 OURO FINO";2180
"314610 OURO PRETO";5203
"314620 OURO VERDE DE MINAS";563
"314625 PADRE CARVALHO";690
"314630 PADRE PARAISO";1728
"314640 PAINEIRAS";285
"314650 PAINS";581
"314655 PAI PEDRO";544
"314660 PAIVA";80
"314670 PALMA";440
"314675 PALMOPOLIS";706
"314690 PAPAGAIOS";1260
"314700 PARACATU";7158
"314710 PARA DE MINAS";6079
"314720 PARAGUACU";1474
"314730 PARAISOPOLIS";1457
"314740 PARAOPEBA";1793
"314750 PASSABEM";121
"314760 PASSA QUATRO";1154
"314770 PASSA TEMPO";513
"314780 PASSA-VINTE";141
"314790 PASSOS";8046
"314795 PATIS";475
"314800 PATOS DE MINAS";9501
"314810 PATROCINIO";6694
"314820 PATROCINIO DO MURIAE";344
"314830 PAULA CANDIDO";719
"314840 PAULISTAS";460
"314850 PAVAO";796
"314860 PECANHA";1615
"314870 PEDRA AZUL";2349
"314875 PEDRA BONITA";665
"314880 PEDRA DO ANTA";236
"314890 PEDRA DO INDAIA";283
"314900 PEDRA DOURADA";158
"314910 PEDRALVA";906
"314915 PEDRAS DE MARIA DA CRUZ";980
"314920 PEDRINOPOLIS";316
"314930 PEDRO LEOPOLDO";4261
"314940 PEDRO TEIXEIRA";129
"314950 PEQUERI";250
"314960 PEQUI";315
"314970 PERDIGAO";662
"314980 PERDIZES";1235
"314990 PERDOES";1422
"314995 PERIQUITO";680
"315000 PESCADOR";358
"315010 PIAU";204
"315015 PIEDADE DE CARATINGA";617
"315020 PIEDADE DE PONTE NOVA";365
"315030 PIEDADE DO RIO GRANDE";314
"315040 PIEDADE DOS GERAIS";313
"315050 PIMENTA";590
"315053 PINGO-D'AGUA";410
"315057 PINTOPOLIS";806
"315060 PIRACEMA";398
"315070 PIRAJUBA";351
"315080 PIRANGA";1444
"315090 PIRANGUCU";391
"315100 PIRANGUINHO";629
"315110 PIRAPETINGA";724
"315120 PIRAPORA";4959
"315130 PIRAUBA";835
"315140 PITANGUI";2006
"315150 PIUMHI";2186
"315160 PLANURA";960
"315170 POCO FUNDO";1173
"315180 POCOS DE CALDAS";10709
"315190 POCRANE";659
"315200 POMPEU";2491
"315210 PONTE NOVA";4261
"315213 PONTO CHIQUE";362
"315217 PONTO DOS VOLANTES";1263
"315220 PORTEIRINHA";3068
"315230 PORTO FIRME";700
"315240 POTE";1369
"315250 POUSO ALEGRE";9214
"315260 POUSO ALTO";443
"315270 PRADOS";659
"315280 PRATA";2084
"315290 PRATAPOLIS";626
"315300 PRATINHA";219
"315310 PRESIDENTE BERNARDES";461
"315320 PRESIDENTE JUSCELINO";317
"315330 PRESIDENTE KUBITSCHEK";336
"315340 PRESIDENTE OLEGARIO";1352
"315350 ALTO JEQUITIBA";705
"315360 PRUDENTE DE MORAIS";723
"315370 QUARTEL GERAL";254
"315380 QUELUZITO";100
"315390 RAPOSOS";1208
"315400 RAUL SOARES";1828
"315410 RECREIO";700
"315415 REDUTO";618
"315420 RESENDE COSTA";781
"315430 RESPLENDOR";1414
"315440 RESSAQUINHA";338
"315445 RIACHINHO";708
"315450 RIACHO DOS MACHADOS";905
"315460 RIBEIRAO DAS NEVES";25746
"315470 RIBEIRAO VERMELHO";265
"315480 RIO ACIMA";654
"315490 RIO CASCA";1247
"315500 RIO DOCE";152
"315510 RIO DO PRADO";492
"315520 RIO ESPERA";434
"315530 RIO MANSO";334
"315540 RIO NOVO";567
"315550 RIO PARANAIBA";913
"315560 RIO PARDO DE MINAS";2487
"315570 RIO PIRACICABA";1039
"315580 RIO POMBA";1143
"315590 RIO PRETO";371
"315600 RIO VERMELHO";1275
"315610 RITAPOLIS";317
"315620 ROCHEDO DE MINAS";162
"315630 RODEIRO";475
"315640 ROMARIA";292
"315645 ROSARIO DA LIMEIRA";266
"315650 RUBELITA";847
"315660 RUBIM";809
"315670 SABARA";10221
"315680 SABINOPOLIS";1419
"315690 SACRAMENTO";1824
"315700 SALINAS";3006
"315710 SALTO DA DIVISA";770
"315720 SANTA BARBARA";2305
"315725 SANTA BARBARA DO LESTE";641
"315727 SANTA BARBARA DO MONTE VERDE";205
"315730 SANTA BARBARA DO TUGURIO";341
"315733 SANTA CRUZ DE MINAS";579
"315737 SANTA CRUZ DE SALINAS";459
"315740 SANTA CRUZ DO ESCALVADO";346
"315750 SANTA EFIGENIA DE MINAS";405
"315760 SANTA FE DE MINAS";405
"315765 SANTA HELENA DE MINAS";700
"315770 SANTA JULIANA";842
"315780 SANTA LUZIA";17068
"315790 SANTA MARGARIDA";1447
"315800 SANTA MARIA DE ITABIRA";850
"315810 SANTA MARIA DO SALTO";467
"315820 SANTA MARIA DO SUACUI";1308
"315830 SANTANA DA VARGEM";563
"315840 SANTANA DE CATAGUASES";268
"315850 SANTANA DE PIRAPAMA";610
"315860 SANTANA DO DESERTO";292
"315870 SANTANA DO GARAMBEU";143
"315880 SANTANA DO JACARE";302
"315890 SANTANA DO MANHUACU";812
"315895 SANTANA DO PARAISO";2202
"315900 SANTANA DO RIACHO";280
"315910 SANTANA DOS MONTES";267
"315920 SANTA RITA DE CALDAS";620
"315930 SANTA RITA DE JACUTINGA";327
"315935 SANTA RITA DE MINAS";526
"315940 SANTA RITA DE IBITIPOCA";287
"315950 SANTA RITA DO ITUETO";531
"315960 SANTA RITA DO SAPUCAI";2807
"315970 SANTA ROSA DA SERRA";270
"315980 SANTA VITORIA";1371
"315990 SANTO ANTONIO DO AMPARO";1393
"316000 SANTO ANTONIO DO AVENTUREIRO";246
"316010 SANTO ANTONIO DO GRAMA";311
"316020 SANTO ANTONIO DO ITAMBE";410
"316030 SANTO ANTONIO DO JACINTO";1208
"316040 SANTO ANTONIO DO MONTE";2038
"316045 SANTO ANTONIO DO RETIRO";659
"316050 SANTO ANTONIO DO RIO ABAIXO";141
"316060 SANTO HIPOLITO";275
"316070 SANTOS DUMONT";3445
"316080 SAO BENTO ABADE";403
"316090 SAO BRAS DO SUACUI";248
"316095 SAO DOMINGOS DAS DORES";473
"316100 SAO DOMINGOS DO PRATA";1257
"316105 SAO FELIX DE MINAS";285
"316110 SAO FRANCISCO";5323
"316120 SAO FRANCISCO DE PAULA";457
"316130 SAO FRANCISCO DE SALES";446
"316140 SAO FRANCISCO DO GLORIA";391
"316150 SAO GERALDO";665
"316160 SAO GERALDO DA PIEDADE";436
"316165 SAO GERALDO DO BAIXIO";284
"316170 SAO GONCALO DO ABAETE";719
"316180 SAO GONCALO DO PARA";750
"316190 SAO GONCALO DO RIO ABAIXO";698
"316200 SAO GONCALO DO SAPUCAI";1885
"316210 SAO GOTARDO";2489
"316220 SAO JOAO BATISTA DO GLORIA";458
"316225 SAO JOAO DA LAGOA";367
"316230 SAO JOAO DA MATA";189
"316240 SAO JOAO DA PONTE";2145
"316245 SAO JOAO DAS MISSOES";1548
"316250 SAO JOAO DEL REI";5473
"316255 SAO JOAO DO MANHUACU";925
"316257 SAO JOAO DO MANTENINHA";383
"316260 SAO JOAO DO ORIENTE";664
"316265 SAO JOAO DO PACUI";372
"316270 SAO JOAO DO PARAISO";1770
"316280 SAO JOAO EVANGELISTA";1265
"316290 SAO JOAO NEPOMUCENO";1682
"316292 SAO JOAQUIM DE BICAS";2089
"316294 SAO JOSE DA BARRA";530
"316295 SAO JOSE DA LAPA";1473
"316300 SAO JOSE DA SAFIRA";407
"316310 SAO JOSE DA VARGINHA";307
"316320 SAO JOSE DO ALEGRE";281
"316330 SAO JOSE DO DIVINO";372
"316340 SAO JOSE DO GOIABAL";457
"316350 SAO JOSE DO JACURI";584
"316360 SAO JOSE DO MANTIMENTO";184
"316370 SAO LOURENCO";2974
"316380 SAO MIGUEL DO ANTA";483
"316390 SAO PEDRO DA UNIAO";378
"316400 SAO PEDRO DOS FERROS";794
"316410 SAO PEDRO DO SUACUI";460
"316420 SAO ROMAO";947
"316430 SAO ROQUE DE MINAS";494
"316440 SAO SEBASTIAO DA BELA VISTA";461
"316443 SAO SEBASTIAO DA VARGEM ALEGRE";221
"316447 SAO SEBASTIAO DO ANTA";520
"316450 SAO SEBASTIAO DO MARANHAO";1054
"316460 SAO SEBASTIAO DO OESTE";447
"316470 SAO SEBASTIAO DO PARAISO";4916
"316480 SAO SEBASTIAO DO RIO PRETO";153
"316490 SAO SEBASTIAO DO RIO VERDE";151
"316500 SAO TIAGO";770
"316510 SAO TOMAS DE AQUINO";633
"316520 SAO THOME DAS LETRAS";520
"316530 SAO VICENTE DE MINAS";462
"316540 SAPUCAI-MIRIM";505
"316550 SARDOA";461
"316553 SARZEDO";2118
"316555 SETUBINHA";1387
"316556 SEM-PEIXE";183
"316557 SENADOR AMARAL";499
"316560 SENADOR CORTES";187
"316570 SENADOR FIRMINO";506
"316580 SENADOR JOSE BENTO";98
"316590 SENADOR MODESTINO GONCALVES";369
"316600 SENHORA DE OLIVEIRA";424
"316610 SENHORA DO PORTO";338
"316620 SENHORA DOS REMEDIOS";718
"316630 SERICITA";649
"316640 SERITINGA";131
"316650 SERRA AZUL DE MINAS";412
"316660 SERRA DA SAUDADE";62
"316670 SERRA DOS AIMORES";828
"316680 SERRA DO SALITRE";911
"316690 SERRANIA";696
"316695 SERRANOPOLIS DE MINAS";395
"316700 SERRANOS";145
"316710 SERRO";1891
"316720 SETE LAGOAS";15411
"316730 SILVEIRANIA";137
"316740 SILVIANOPOLIS";450
"316750 SIMAO PEREIRA";176
"316760 SIMONESIA";1656
"316770 SOBRALIA";538
"316780 SOLEDADE DE MINAS";497
"316790 TABULEIRO";295
"316800 TAIOBEIRAS";2589
"316805 TAPARUBA";248
"316810 TAPIRA";296
"316820 TAPIRAI";125
"316830 TAQUARACU DE MINAS";315
"316840 TARUMIRIM";1235
"316850 TEIXEIRAS";753
"316860 TEOFILO OTONI";11222
"316870 TIMOTEO";6092
"316880 TIRADENTES";470
"316890 TIROS";496
"316900 TOCANTINS";1124
"316905 TOCOS DO MOJI";211
"316910 TOLEDO";457
"316920 TOMBOS";840
"316930 TRES CORACOES";5795
"316935 TRES MARIAS";2212
"316940 TRES PONTAS";4234
"316950 TUMIRITINGA";591
"316960 TUPACIGUARA";1795
"316970 TURMALINA";1469
"316980 TURVOLANDIA";324
"316990 UBA";7467
"317000 UBAI";1203
"317005 UBAPORANGA";1032
"317010 UBERABA";20738
"317020 UBERLANDIA";44451
"317030 UMBURATIBA";253
"317040 UNAI";6419
"317043 UNIAO DE MINAS";398
"317047 URUANA DE MINAS";263
"317050 URUCANIA";884
"317052 URUCUIA";1255
"317057 VARGEM ALEGRE";471
"317060 VARGEM BONITA";187
"317065 VARGEM GRANDE DO RIO PARDO";383
"317070 VARGINHA";9030
"317075 VARJAO DE MINAS";495
"317080 VARZEA DA PALMA";3097
"317090 VARZELANDIA";2060
"317100 VAZANTE";1591
"317103 VERDELANDIA";904
"317107 VEREDINHA";446
"317110 VERISSIMO";266
"317115 VERMELHO NOVO";377
"317120 VESPASIANO";8361
"317130 VICOSA";4936
"317140 VIEIRAS";305
"317150 MATHIAS LOBATO";373
"317160 VIRGEM DA LAPA";1058
"317170 VIRGINIA";682
"317180 VIRGINOPOLIS";833
"317190 VIRGOLANDIA";458
"317200 VISCONDE DO RIO BRANCO";2836
"317210 VOLTA GRANDE";408
"317220 WENCESLAU BRAZ";201
"320010 AFONSO CLAUDIO";2710
"320013 AGUIA BRANCA";820
"320016 AGUA DOCE DO NORTE";1091
"320020 ALEGRE";2323
"320030 ALFREDO CHAVES";1069
"320035 ALTO RIO NOVO";656
"320040 ANCHIETA";1852
"320050 APIACA";608
"320060 ARACRUZ";6891
"320070 ATILIO VIVACQUA";768
"320080 BAIXO GUANDU";2281
"320090 BARRA DE SAO FRANCISCO";3436
"320100 BOA ESPERANCA";1273
"320110 BOM JESUS DO NORTE";743
"320115 BREJETUBA";1204
"320120 CACHOEIRO DE ITAPEMIRIM";14817
"320130 CARIACICA";31175
"320140 CASTELO";2380
"320150 COLATINA";7795
"320160 CONCEICAO DA BARRA";2780
"320170 CONCEICAO DO CASTELO";968
"320180 DIVINO DE SAO LOURENCO";437
"320190 DOMINGOS MARTINS";2443
"320200 DORES DO RIO PRETO";560
"320210 ECOPORANGA";2047
"320220 FUNDAO";1322
"320225 GOVERNADOR LINDENBERG";877
"320230 GUACUI";2274
"320240 GUARAPARI";8439
"320245 IBATIBA";1910
"320250 IBIRACU";834
"320255 IBITIRAMA";944
"320260 ICONHA";813
"320265 IRUPI";1021
"320270 ITAGUACU";1001
"320280 ITAPEMIRIM";2819
"320290 ITARANA";693
"320300 IUNA";2481
"320305 JAGUARE";2252
"320310 JERONIMO MONTEIRO";809
"320313 JOAO NEIVA";1112
"320316 LARANJA DA TERRA";717
"320320 LINHARES";12264
"320330 MANTENOPOLIS";1136
"320332 MARATAIZES";2913
"320334 MARECHAL FLORIANO";1137
"320335 MARILANDIA";735
"320340 MIMOSO DO SUL";2102
"320350 MONTANHA";1541
"320360 MUCURICI";476
"320370 MUNIZ FREIRE";1636
"320380 MUQUI";1066
"320390 NOVA VENECIA";3706
"320400 PANCAS";1853
"320405 PEDRO CANARIO";2337
"320410 PINHEIROS";2212
"320420 PIUMA";1399
"320425 PONTO BELO";563
"320430 PRESIDENTE KENNEDY";830
"320435 RIO BANANAL";1416
"320440 RIO NOVO DO SUL";831
"320450 SANTA LEOPOLDINA";944
"320455 SANTA MARIA DE JETIBA";2689
"320460 SANTA TERESA";1512
"320465 SAO DOMINGOS DO NORTE";677
"320470 SAO GABRIEL DA PALHA";2347
"320480 SAO JOSE DO CALCADO";819
"320490 SAO MATEUS";9197
"320495 SAO ROQUE DO CANAA";818
"320500 SERRA";35990
"320501 SOORETAMA";2413
"320503 VARGEM ALTA";1651
"320506 VENDA NOVA DO IMIGRANTE";1371
"320510 VIANA";5483
"320515 VILA PAVAO";679
"320517 VILA VALERIO";1146
"320520 VILA VELHA";30272
"320530 VITORIA";22550
"330010 ANGRA DOS REIS";12112
"330015 APERIBE";642
"330020 ARARUAMA";7773
"330022 AREAL";838
"330023 ARMACAO DOS BUZIOS";1940
"330025 ARRAIAL DO CABO";2037
"330030 BARRA DO PIRAI";6980
"330040 BARRA MANSA";12913
"330045 BELFORD ROXO";38956
"330050 BOM JARDIM";1787
"330060 BOM JESUS DO ITABAPOANA";2482
"330070 CABO FRIO";13311
"330080 CACHOEIRAS DE MACACU";4077
"330090 CAMBUCI";1012
"330093 CARAPEBUS";927
"330095 COMENDADOR LEVY GASPARIAN";658
"330100 CAMPOS DOS GOYTACAZES";36452
"330110 CANTAGALO";1588
"330115 CARDOSO MOREIRA";982
"330120 CARMO";1277
"330130 CASIMIRO DE ABREU";2551
"330140 CONCEICAO DE MACABU";1637
"330150 CORDEIRO";1422
"330160 DUAS BARRAS";859
"330170 DUQUE DE CAXIAS";67780
"330180 ENGENHEIRO PAULO DE FRONTIN";785
"330185 GUAPIMIRIM";3731
"330187 IGUABA GRANDE";1332
"330190 ITABORAI";16544
"330200 ITAGUAI";8759
"330205 ITALVA";947
"330210 ITAOCARA";1554
"330220 ITAPERUNA";6462
"330225 ITATIAIA";2174
"330227 JAPERI";8003
"330230 LAJE DO MURIAE";582
"330240 MACAE";15219
"330245 MACUCO";479
"330250 MAGE";18500
"330260 MANGARATIBA";2242
"330270 MARICA";7352
"330280 MENDES";1165
"330285 MESQUITA";13114
"330290 MIGUEL PEREIRA";1646
"330300 MIRACEMA";2152
"330310 NATIVIDADE";1121
"330320 NILOPOLIS";11324
"330330 NITEROI";28101
"330340 NOVA FRIBURGO";12433
"330350 NOVA IGUACU";62174
"330360 PARACAMBI";2473
"330370 PARAIBA DO SUL";3292
"330380 PARATY";3124
"330385 PATY DO ALFERES";2042
"330390 PETROPOLIS";20341
"330395 PINHEIRAL";1666
"330400 PIRAI";1715
"330410 PORCIUNCULA";1371
"330411 PORTO REAL";1233
"330412 QUATIS";1022
"330414 QUEIMADOS";11334
"330415 QUISSAMA";1398
"330420 RESENDE";9034
"330430 RIO BONITO";3862
"330440 RIO CLARO";1305
"330450 RIO DAS FLORES";650
"330452 RIO DAS OSTRAS";6557
"330455 RIO DE JANEIRO";424342
"330460 SANTA MARIA MADALENA";811
"330470 SANTO ANTONIO DE PADUA";2820
"330475 SAO FRANCISCO DE ITABAPOANA";3488
"330480 SAO FIDELIS";2701
"330490 SAO GONCALO";66966
"330500 SAO JOAO DA BARRA";2304
"330510 SAO JOAO DE MERITI";35802
"330513 SAO JOSE DE UBA";461
"330515 SAO JOSE DO VALE DO RIO PRETO";1500
"330520 SAO PEDRO DA ALDEIA";6436
"330530 SAO SEBASTIAO DO ALTO";684
"330540 SAPUCAIA";1388
"330550 SAQUAREMA";5160
"330555 SEROPEDICA";5404
"330560 SILVA JARDIM";1880
"330570 SUMIDOURO";1146
"330575 TANGUA";2362
"330580 TERESOPOLIS";11129
"330590 TRAJANO DE MORAES";806
"330600 TRES RIOS";6033
"330610 VALENCA";5111
"330615 VARRE-SAI";922
"330620 VASSOURAS";2408
"330630 VOLTA REDONDA";17937
"350010 ADAMANTINA";2111
"350020 ADOLFO";252
"350030 AGUAI";2643
"350040 AGUAS DA PRATA";502
"350050 AGUAS DE LINDOIA";1190
"350055 AGUAS DE SANTA BARBARA";443
"350060 AGUAS DE SAO PEDRO";125
"350070 AGUDOS";2798
"350075 ALAMBARI";396
"350080 ALFREDO MARCONDES";227
"350090 ALTAIR";334
"350100 ALTINOPOLIS";1096
"350110 ALTO ALEGRE";275
"350115 ALUMINIO";1455
"350120 ALVARES FLORENCE";219
"350130 ALVARES MACHADO";1741
"350140 ALVARO DE CARVALHO";340
"350150 ALVINLANDIA";268
"350160 AMERICANA";13666
"350170 AMERICO BRASILIENSE";2786
"350180 AMERICO DE CAMPOS";383
"350190 AMPARO";4236
"350200 ANALANDIA";353
"350210 ANDRADINA";3907
"350220 ANGATUBA";1753
"350230 ANHEMBI";499
"350240 ANHUMAS";270
"350250 APARECIDA";2729
"350260 APARECIDA D'OESTE";286
"350270 APIAI";2299
"350275 ARACARIGUAMA";1520
"350280 ARACATUBA";12399
"350290 ARACOIABA DA SERRA";1962
"350300 ARAMINA";348
"350310 ARANDU";480
"350315 ARAPEI";209
"350320 ARARAQUARA";13564
"350330 ARARAS";8202
"350335 ARCO-IRIS";139
"350340 AREALVA";524
"350350 AREIAS";326
"350360 AREIOPOLIS";929
"350370 ARIRANHA";647
"350380 ARTUR NOGUEIRA";3297
"350390 ARUJA";5951
"350395 ASPASIA";109
"350400 ASSIS";6776
"350410 ATIBAIA";9339
"350420 AURIFLAMA";900
"350430 AVAI";388
"350440 AVANHANDAVA";891
"350450 AVARE";6448
"350460 BADY BASSITT";979
"350470 BALBINOS";135
"350480 BALSAMO";529
"350490 BANANAL";868
"350500 BARAO DE ANTONINA";270
"350510 BARBOSA";537
"350520 BARIRI";2288
"350530 BARRA BONITA";2293
"350535 BARRA DO CHAPEU";499
"350540 BARRA DO TURVO";822
"350550 BARRETOS";8047
"350560 BARRINHA";2549
"350570 BARUERI";20107
"350580 BASTOS";1670
"350590 BATATAIS";3901
"350600 BAURU";24632
"350610 BEBEDOURO";5420
"350620 BENTO DE ABREU";211
"350630 BERNARDINO DE CAMPOS";807
"350635 BERTIOGA";4010
"350640 BILAC";381
"350650 BIRIGUI";7502
"350660 BIRITIBA-MIRIM";2434
"350670 BOA ESPERANCA DO SUL";1175
"350680 BOCAINA";771
"350690 BOFETE";751
"350700 BOITUVA";3521
"350710 BOM JESUS DOS PERDOES";1451
"350715 BOM SUCESSO DE ITARARE";356
"350720 BORA";57
"350730 BORACEIA";357
"350740 BORBOREMA";1002
"350745 BOREBI";189
"350750 BOTUCATU";9253
"350760 BRAGANCA PAULISTA";10006
"350770 BRAUNA";369
"350775 BREJO ALEGRE";178
"350780 BRODOWSKI";1431
"350790 BROTAS";1641
"350800 BURI";1895
"350810 BURITAMA";1162
"350820 BURITIZAL";303
"350830 CABRALIA PAULISTA";385
"350840 CABREUVA";3568
"350850 CACAPAVA";6705
"350860 CACHOEIRA PAULISTA";2377
"350870 CACONDE";1445
"350880 CAFELANDIA";1226
"350890 CAIABU";289
"350900 CAIEIRAS";6978
"350910 CAIUA";338
"350920 CAJAMAR";5425
"350925 CAJATI";2880
"350930 CAJOBI";645
"350940 CAJURU";1834
"350945 CAMPINA DO MONTE ALEGRE";473
"350950 CAMPINAS";74429
"350960 CAMPO LIMPO PAULISTA";6068
"350970 CAMPOS DO JORDAO";3940
"350980 CAMPOS NOVOS PAULISTA";385
"350990 CANANEIA";1140
"350995 CANAS";424
"351000 CANDIDO MOTA";2320
"351010 CANDIDO RODRIGUES";153
"351015 CANITAR";407
"351020 CAPAO BONITO";4080
"351030 CAPELA DO ALTO";1395
"351040 CAPIVARI";3866
"351050 CARAGUATATUBA";8042
"351060 CARAPICUIBA";32724
"351070 CARDOSO";910
"351080 CASA BRANCA";1981
"351090 CASSIA DOS COQUEIROS";189
"351100 CASTILHO";1432
"351110 CATANDUVA";7551
"351120 CATIGUA";523
"351130 CEDRAL";498
"351140 CERQUEIRA CESAR";1390
"351150 CERQUILHO";2684
"351160 CESARIO LANGE";1179
"351170 CHARQUEADA";1160
"351190 CLEMENTINA";590
"351200 COLINA";1258
"351210 COLOMBIA";463
"351220 CONCHAL";2046
"351230 CONCHAS";1369
"351240 CORDEIROPOLIS";1546
"351250 COROADOS";403
"351260 CORONEL MACEDO";464
"351270 CORUMBATAI";293
"351280 COSMOPOLIS";4565
"351290 COSMORAMA";457
"351300 COTIA";16188
"351310 CRAVINHOS";2395
"351320 CRISTAIS PAULISTA";574
"351330 CRUZALIA";164
"351340 CRUZEIRO";6155
"351350 CUBATAO";10318
"351360 CUNHA";1586
"351370 DESCALVADO";2130
"351380 DIADEMA";32564
"351385 DIRCE REIS";117
"351390 DIVINOLANDIA";739
"351400 DOBRADA";714
"351410 DOIS CORREGOS";2086
"351420 DOLCINOPOLIS";129
"351430 DOURADO";590
"351440 DRACENA";2719
"351450 DUARTINA";856
"351460 DUMONT";568
"351470 ECHAPORA";535
"351480 ELDORADO";1423
"351490 ELIAS FAUSTO";1262
"351492 ELISIARIO";211
"351495 EMBAUBA";172
"351500 EMBU DAS ARTES";21208
"351510 EMBU-GUACU";5376
"351512 EMILIANOPOLIS";201
"351515 ENGENHEIRO COELHO";1250
"351518 ESPIRITO SANTO DO PINHAL";2805
"351519 ESPIRITO SANTO DO TURVO";382
"351520 ESTRELA D'OESTE";559
"351530 ESTRELA DO NORTE";229
"351535 EUCLIDES DA CUNHA PAULISTA";870
"351540 FARTURA";1214
"351550 FERNANDOPOLIS";4043
"351560 FERNANDO PRESTES";375
"351565 FERNAO";114
"351570 FERRAZ DE VASCONCELOS";14478
"351580 FLORA RICA";108
"351590 FLOREAL";127
"351600 FLORIDA PAULISTA";905
"351610 FLORINIA";221
"351620 FRANCA";24411
"351630 FRANCISCO MORATO";14898
"351640 FRANCO DA ROCHA";10538
"351650 GABRIEL MONTEIRO";180
"351660 GALIA";520
"351670 GARCA";3233
"351680 GASTAO VIDIGAL";352
"351685 GAVIAO PEIXOTO";350
"351690 GENERAL SALGADO";750
"351700 GETULINA";744
"351710 GLICERIO";373
"351720 GUAICARA";860
"351730 GUAIMBE";473
"351740 GUAIRA";2816
"351750 GUAPIACU";1153
"351760 GUAPIARA";1637
"351770 GUARA";1843
"351780 GUARACAI";578
"351790 GUARACI";824
"351800 GUARANI D'OESTE";154
"351810 GUARANTA";572
"351820 GUARARAPES";2186
"351830 GUARAREMA";1875
"351840 GUARATINGUETA";7903
"351850 GUAREI";912
"351860 GUARIBA";3002
"351870 GUARUJA";25127
"351880 GUARULHOS";103354
"351885 GUATAPARA";619
"351890 GUZOLANDIA";385
"351900 HERCULANDIA";674
"351905 HOLAMBRA";734
"351907 HORTOLANDIA";14855
"351910 IACANGA";713
"351920 IACRI";519
"351925 IARAS";443
"351930 IBATE";2582
"351940 IBIRA";777
"351950 IBIRAREMA";502
"351960 IBITINGA";3729
"351970 IBIUNA";5962
"351980 ICEM";601
"351990 IEPE";584
"352000 IGARACU DO TIETE";1886
"352010 IGARAPAVA";2199
"352020 IGARATA";717
"352030 IGUAPE";2404
"352040 ILHABELA";2237
"352042 ILHA COMPRIDA";690
"352044 ILHA SOLTEIRA";1681
"352050 INDAIATUBA";13667
"352060 INDIANA";345
"352070 INDIAPORA";248
"352080 INUBIA PAULISTA";250
"352090 IPAUSSU";1207
"352100 IPERO";2169
"352110 IPEUNA";475
"352115 IPIGUA";295
"352120 IPORANGA";421
"352130 IPUA";1108
"352140 IRACEMAPOLIS";1418
"352150 IRAPUA";600
"352160 IRAPURU";455
"352170 ITABERA";1537
"352180 ITAI";2021
"352190 ITAJOBI";896
"352200 ITAJU";237
"352210 ITANHAEM";7574
"352215 ITAOCA";258
"352220 ITAPECERICA DA SERRA";13401
"352230 ITAPETININGA";11460
"352240 ITAPEVA";7688
"352250 ITAPEVI";18263
"352260 ITAPIRA";4182
"352265 ITAPIRAPUA PAULISTA";366
"352270 ITAPOLIS";2619
"352280 ITAPORANGA";1338
"352290 ITAPUI";994
"352300 ITAPURA";340
"352310 ITAQUAQUECETUBA";29791
"352320 ITARARE";3971
"352330 ITARIRI";1545
"352340 ITATIBA";6805
"352350 ITATINGA";1656
"352360 ITIRAPINA";1053
"352370 ITIRAPUA";506
"352380 ITOBI";590
"352390 ITU";11661
"352400 ITUPEVA";3319
"352410 ITUVERAVA";2757
"352420 JABORANDI";506
"352430 JABOTICABAL";4909
"352440 JACAREI";16710
"352450 JACI";374
"352460 JACUPIRANGA";1660
"352470 JAGUARIUNA";2956
"352480 JALES";3090
"352490 JAMBEIRO";386
"352500 JANDIRA";9283
"352510 JARDINOPOLIS";3040
"352520 JARINU";1730
"352530 JAU";9330
"352540 JERIQUARA";295
"352550 JOANOPOLIS";854
"352560 JOAO RAMALHO";359
"352570 JOSE BONIFACIO";2215
"352580 JULIO MESQUITA";314
"352585 JUMIRIM";174
"352590 JUNDIAI";25639
"352600 JUNQUEIROPOLIS";1217
"352610 JUQUIA";1778
"352620 JUQUITIBA";2613
"352630 LAGOINHA";322
"352640 LARANJAL PAULISTA";1778
"352650 LAVINIA";387
"352660 LAVRINHAS";623
"352670 LEME";7251
"352680 LENCOIS PAULISTA";4719
"352690 LIMEIRA";20016
"352700 LINDOIA";502
"352710 LINS";4891
"352720 LORENA";6556
"352725 LOURDES";137
"352730 LOUVEIRA";2687
"352740 LUCELIA";1329
"352750 LUCIANOPOLIS";174
"352760 LUIS ANTONIO";857
"352770 LUIZIANIA";375
"352780 LUPERCIO";375
"352790 LUTECIA";203
"352800 MACATUBA";1351
"352810 MACAUBAL";535
"352820 MACEDONIA";243
"352830 MAGDA";223
"352840 MAIRINQUE";3662
"352850 MAIRIPORA";5431
"352860 MANDURI";719
"352870 MARABA PAULISTA";311
"352880 MARACAI";1021
"352885 MARAPOAMA";148
"352890 MARIAPOLIS";295
"352900 MARILIA";14814
"352910 MARINOPOLIS";122
"352920 MARTINOPOLIS";1707
"352930 MATAO";5274
"352940 MAUA";32926
"352950 MENDONCA";265
"352960 MERIDIANO";258
"352965 MESOPOLIS";156
"352970 MIGUELOPOLIS";1755
"352980 MINEIROS DO TIETE";949
"352990 MIRACATU";2174
"353000 MIRA ESTRELA";180
"353010 MIRANDOPOLIS";1680
"353020 MIRANTE DO PARANAPANEMA";1313
"353030 MIRASSOL";3635
"353040 MIRASSOLANDIA";312
"353050 MOCOCA";4889
"353060 MOGI DAS CRUZES";31343
"353070 MOGI GUACU";9784
"353080 MOGI MIRIM";6097
"353090 MOMBUCA";289
"353100 MONCOES";147
"353110 MONGAGUA";3805
"353120 MONTE ALEGRE DO SUL";477
"353130 MONTE ALTO";3000
"353140 MONTE APRAZIVEL";1467
"353150 MONTE AZUL PAULISTA";1357
"353160 MONTE CASTELO";234
"353170 MONTEIRO LOBATO";319
"353180 MONTE MOR";3830
"353190 MORRO AGUDO";2567
"353200 MORUNGABA";866
"353205 MOTUCA";334
"353210 MURUTINGA DO SUL";243
"353215 NANTES";227
"353220 NARANDIBA";345
"353230 NATIVIDADE DA SERRA";526
"353240 NAZARE PAULISTA";1135
"353250 NEVES PAULISTA";481
"353260 NHANDEARA";652
"353270 NIPOA";324
"353280 NOVA ALIANCA";415
"353282 NOVA CAMPINA";766
"353284 NOVA CANAA PAULISTA";125
"353286 NOVA CASTILHO";88
"353290 NOVA EUROPA";775
"353300 NOVA GRANADA";1366
"353310 NOVA GUATAPORANGA";152
"353320 NOVA INDEPENDENCIA";239
"353325 NOVAIS";387
"353330 NOVA LUZITANIA";276
"353340 NOVA ODESSA";3550
"353350 NOVO HORIZONTE";2627
"353360 NUPORANGA";496
"353370 OCAUCU";351
"353380 OLEO";206
"353390 OLIMPIA";3692
"353400 ONDA VERDE";297
"353410 ORIENTE";399
"353420 ORINDIUVA";425
"353430 ORLANDIA";2795
"353440 OSASCO";54779
"353450 OSCAR BRESSANE";183
"353460 OSVALDO CRUZ";1905
"353470 OURINHOS";7884
"353475 OUROESTE";557
"353480 OURO VERDE";633
"353490 PACAEMBU";844
"353500 PALESTINA";748
"353510 PALMARES PAULISTA";906
"353520 PALMEIRA D'OESTE";625
"353530 PALMITAL";1562
"353540 PANORAMA";1293
"353550 PARAGUACU PAULISTA";3234
"353560 PARAIBUNA";1402
"353570 PARAISO";451
"353580 PARANAPANEMA";1436
"353590 PARANAPUA";248
"353600 PARAPUA";739
"353610 PARDINHO";465
"353620 PARIQUERA-ACU";1536
"353625 PARISI";137
"353630 PATROCINIO PAULISTA";1093
"353640 PAULICEIA";496
"353650 PAULINIA";5791
"353657 PAULISTANIA";115
"353660 PAULO DE FARIA";666
"353670 PEDERNEIRAS";3213
"353680 PEDRA BELA";405
"353690 PEDRANOPOLIS";178
"353700 PEDREGULHO";1338
"353710 PEDREIRA";2768
"353715 PEDRINHAS PAULISTA";209
"353720 PEDRO DE TOLEDO";934
"353730 PENAPOLIS";4202
"353740 PEREIRA BARRETO";2026
"353750 PEREIRAS";578
"353760 PERUIBE";5165
"353770 PIACATU";375
"353780 PIEDADE";4059
"353790 PILAR DO SUL";2119
"353800 PINDAMONHANGABA";11480
"353810 PINDORAMA";1026
"353820 PINHALZINHO";907
"353830 PIQUEROBI";252
"353850 PIQUETE";1114
"353860 PIRACAIA";1800
"353870 PIRACICABA";25916
"353880 PIRAJU";2137
"353890 PIRAJUI";1440
"353900 PIRANGI";658
"353910 PIRAPORA DO BOM JESUS";1416
"353920 PIRAPOZINHO";1756
"353930 PIRASSUNUNGA";5086
"353940 PIRATININGA";793
"353950 PITANGUEIRAS";2983
"353960 PLANALTO";376
"353970 PLATINA";280
"353980 POA";8807
"353990 POLONI";414
"354000 POMPEIA";1399
"354010 PONGAI";209
"354020 PONTAL";3479
"354025 PONTALINDA";340
"354030 PONTES GESTAL";184
"354040 POPULINA";309
"354050 PORANGABA";571
"354060 PORTO FELIZ";3730
"354070 PORTO FERREIRA";3966
"354075 POTIM";1607
"354080 POTIRENDABA";1039
"354085 PRACINHA";140
"354090 PRADOPOLIS";1353
"354100 PRAIA GRANDE";20363
"354105 PRATANIA";358
"354110 PRESIDENTE ALVES";332
"354120 PRESIDENTE BERNARDES";819
"354130 PRESIDENTE EPITACIO";3322
"354140 PRESIDENTE PRUDENTE";14725
"354150 PRESIDENTE VENCESLAU";2532
"354160 PROMISSAO";2725
"354165 QUADRA";277
"354170 QUATA";1060
"354180 QUEIROZ";232
"354190 QUELUZ";879
"354200 QUINTANA";416
"354210 RAFARD";664
"354220 RANCHARIA";2166
"354230 REDENCAO DA SERRA";322
"354240 REGENTE FEIJO";1390
"354250 REGINOPOLIS";441
"354260 REGISTRO";4676
"354270 RESTINGA";613
"354280 RIBEIRA";312
"354290 RIBEIRAO BONITO";1074
"354300 RIBEIRAO BRANCO";1895
"354310 RIBEIRAO CORRENTE";379
"354320 RIBEIRAO DO SUL";328
"354323 RIBEIRAO DOS INDIOS";144
"354325 RIBEIRAO GRANDE";635
"354330 RIBEIRAO PIRES";8249
"354340 RIBEIRAO PRETO";40269
"354350 RIVERSUL";604
"354360 RIFAINA";261
"354370 RINCAO";926
"354380 RINOPOLIS";739
"354390 RIO CLARO";12877
"354400 RIO DAS PEDRAS";2341
"354410 RIO GRANDE DA SERRA";3710
"354420 RIOLANDIA";803
"354425 ROSANA";1742
"354430 ROSEIRA";799
"354440 RUBIACEA";215
"354450 RUBINEIA";180
"354460 SABINO";396
"354470 SAGRES";170
"354480 SALES";402
"354490 SALES OLIVEIRA";736
"354500 SALESOPOLIS";1324
"354510 SALMOURAO";364
"354515 SALTINHO";422
"354520 SALTO";7797
"354530 SALTO DE PIRAPORA";3172
"354540 SALTO GRANDE";715
"354550 SANDOVALINA";320
"354560 SANTA ADELIA";1047
"354570 SANTA ALBERTINA";365
"354580 SANTA BARBARA D'OESTE";12773
"354600 SANTA BRANCA";1123
"354610 SANTA CLARA D'OESTE";135
"354620 SANTA CRUZ DA CONCEICAO";289
"354625 SANTA CRUZ DA ESPERANCA";166
"354630 SANTA CRUZ DAS PALMEIRAS";2342
"354640 SANTA CRUZ DO RIO PARDO";3465
"354650 SANTA ERNESTINA";459
"354660 SANTA FE DO SUL";1784
"354670 SANTA GERTRUDES";1676
"354680 SANTA ISABEL";4004
"354690 SANTA LUCIA";722
"354700 SANTA MARIA DA SERRA";462
"354710 SANTA MERCEDES";226
"354720 SANTANA DA PONTE PENSA";93
"354730 SANTANA DE PARNAIBA";8315
"354740 SANTA RITA D'OESTE";125
"354750 SANTA RITA DO PASSA QUATRO";1751
"354760 SANTA ROSA DE VITERBO";1749
"354765 SANTA SALETE";82
"354770 SANTO ANASTACIO";1461
"354780 SANTO ANDRE";47823
"354790 SANTO ANTONIO DA ALEGRIA";460
"354800 SANTO ANTONIO DE POSSE";1650
"354805 SANTO ANTONIO DO ARACANGUA";555
"354810 SANTO ANTONIO DO JARDIM";442
"354820 SANTO ANTONIO DO PINHAL";508
"354830 SANTO EXPEDITO";191
"354840 SANTOPOLIS DO AGUAPEI";365
"354850 SANTOS";26698
"354860 SAO BENTO DO SAPUCAI";769
"354870 SAO BERNARDO DO CAMPO";58267
"354880 SAO CAETANO DO SUL";8303
"354890 SAO CARLOS";15172
"354900 SAO FRANCISCO";203
"354910 SAO JOAO DA BOA VISTA";5510
"354920 SAO JOAO DAS DUAS PONTES";181
"354925 SAO JOAO DE IRACEMA";133
"354930 SAO JOAO DO PAU D'ALHO";127
"354940 SAO JOAQUIM DA BARRA";3432
"354950 SAO JOSE DA BELA VISTA";829
"354960 SAO JOSE DO BARREIRO";352
"354970 SAO JOSE DO RIO PARDO";3546
"354980 SAO JOSE DO RIO PRETO";26713
"354990 SAO JOSE DOS CAMPOS";48327
"354995 SAO LOURENCO DA SERRA";1116
"355000 SAO LUIS DO PARAITINGA";694
"355010 SAO MANUEL";2906
"355020 SAO MIGUEL ARCANJO";2810
"355030 SAO PAULO";842678
"355040 SAO PEDRO";2232
"355050 SAO PEDRO DO TURVO";600
"355060 SAO ROQUE";5387
"355070 SAO SEBASTIAO";6063
"355080 SAO SEBASTIAO DA GRAMA";968
"355090 SAO SIMAO";1088
"355100 SAO VICENTE";27045
"355110 SARAPUI";724
"355120 SARUTAIA";321
"355130 SEBASTIANOPOLIS DO SUL";190
"355140 SERRA AZUL";806
"355150 SERRANA";3339
"355160 SERRA NEGRA";1682
"355170 SERTAOZINHO";8232
"355180 SETE BARRAS";1372
"355190 SEVERINIA";1291
"355200 SILVEIRAS";475
"355210 SOCORRO";2398
"355220 SOROCABA";41268
"355230 SUD MENNUCCI";582
"355240 SUMARE";19029
"355250 SUZANO";21619
"355255 SUZANAPOLIS";250
"355260 TABAPUA";802
"355270 TABATINGA";1121
"355280 TABOAO DA SERRA";20020
"355290 TACIBA";439
"355300 TAGUAI";825
"355310 TAIACU";418
"355320 TAIUVA";351
"355330 TAMBAU";1783
"355340 TANABI";1578
"355350 TAPIRAI";790
"355360 TAPIRATIBA";891
"355365 TAQUARAL";199
"355370 TAQUARITINGA";4067
"355380 TAQUARITUBA";1820
"355385 TAQUARIVAI";467
"355390 TARABAI";531
"355395 TARUMA";1080
"355400 TATUI";8324
"355410 TAUBATE";20805
"355420 TEJUPA";477
"355430 TEODORO SAMPAIO";1828
"355440 TERRA ROXA";682
"355450 TIETE";2672
"355460 TIMBURI";213
"355465 TORRE DE PEDRA";168
"355470 TORRINHA";627
"355475 TRABIJU";123
"355480 TREMEMBE";2951
"355490 TRES FRONTEIRAS";352
"355495 TUIUTI";371
"355500 TUPA";4441
"355510 TUPI PAULISTA";732
"355520 TURIUBA";135
"355530 TURMALINA";100
"355535 UBARANA";448
"355540 UBATUBA";6189
"355550 UBIRAJARA";377
"355560 UCHOA";639
"355570 UNIAO PAULISTA";131
"355580 URANIA";593
"355590 URU";86
"355600 URUPES";748
"355610 VALENTIM GENTIL";723
"355620 VALINHOS";6801
"355630 VALPARAISO";1694
"355635 VARGEM";607
"355640 VARGEM GRANDE DO SUL";3154
"355645 VARGEM GRANDE PAULISTA";3522
"355650 VARZEA PAULISTA";8862
"355660 VERA CRUZ";810
"355670 VINHEDO";4178
"355680 VIRADOURO";1318
"355690 VISTA ALEGRE DO ALTO";451
"355695 VITORIA BRASIL";133
"355700 VOTORANTIM";8547
"355710 VOTUPORANGA";5258
"355715 ZACARIAS";172
"355720 CHAVANTES";1039
"355730 ESTIVA GERBI";758
"410010 ABATIA";584
"410020 ADRIANOPOLIS";624
"410030 AGUDOS DO SUL";675
"410040 ALMIRANTE TAMANDARE";9679
"410045 ALTAMIRA DO PARANA";436
"410050 ALTONIA";1574
"410060 ALTO PARANA";1049
"410070 ALTO PIQUIRI";825
"410080 ALVORADA DO SUL";785
"410090 AMAPORA";480
"410100 AMPERE";1374
"410105 ANAHY";239
"410110 ANDIRA";1600
"410115 ANGULO";221
"410120 ANTONINA";1662
"410130 ANTONIO OLINTO";557
"410140 APUCARANA";9123
"410150 ARAPONGAS";7400
"410160 ARAPOTI";2324
"410165 ARAPUA";274
"410170 ARARUNA";964
"410180 ARAUCARIA";9628
"410185 ARIRANHA DO IVAI";194
"410190 ASSAI";1414
"410200 ASSIS CHATEAUBRIAND";2355
"410210 ASTORGA";1846
"410220 ATALAIA";235
"410230 BALSA NOVA";912
"410240 BANDEIRANTES";2551
"410250 BARBOSA FERRAZ";1014
"410260 BARRACAO";716
"410270 BARRA DO JACARE";168
"410275 BELA VISTA DA CAROBA";320
"410280 BELA VISTA DO PARAISO";1104
"410290 BITURUNA";1601
"410300 BOA ESPERANCA";330
"410302 BOA ESPERANCA DO IGUACU";214
"410304 BOA VENTURA DE SAO ROQUE";579
"410305 BOA VISTA DA APARECIDA";729
"410310 BOCAIUVA DO SUL";991
"410315 BOM JESUS DO SUL";321
"410320 BOM SUCESSO";508
"410322 BOM SUCESSO DO SUL";227
"410330 BORRAZOPOLIS";567
"410335 BRAGANEY";463
"410337 BRASILANDIA DO SUL";250
"410340 CAFEARA";184
"410345 CAFELANDIA";1127
"410347 CAFEZAL DO SUL";301
"410350 CALIFORNIA";647
"410360 CAMBARA";1808
"410370 CAMBE";7224
"410380 CAMBIRA";529
"410390 CAMPINA DA LAGOA";1345
"410395 CAMPINA DO SIMAO";406
"410400 CAMPINA GRANDE DO SUL";3592
"410405 CAMPO BONITO";356
"410410 CAMPO DO TENENTE";676
"410420 CAMPO LARGO";8537
"410425 CAMPO MAGRO";2113
"410430 CAMPO MOURAO";6479
"410440 CANDIDO DE ABREU";1612
"410442 CANDOI";1366
"410445 CANTAGALO";1274
"410450 CAPANEMA";1304
"410460 CAPITAO LEONIDAS MARQUES";1191
"410465 CARAMBEI";1859
"410470 CARLOPOLIS";1039
"410480 CASCAVEL";22117
"410490 CASTRO";6681
"410500 CATANDUVAS";915
"410510 CENTENARIO DO SUL";797
"410520 CERRO AZUL";1558
"410530 CEU AZUL";800
"410540 CHOPINZINHO";1616
"410550 CIANORTE";4866
"410560 CIDADE GAUCHA";856
"410570 CLEVELANDIA";1649
"410580 COLOMBO";18675
"410590 COLORADO";1460
"410600 CONGONHINHAS";655
"410610 CONSELHEIRO MAIRINCK";266
"410620 CONTENDA";1278
"410630 CORBELIA";1262
"410640 CORNELIO PROCOPIO";3342
"410645 CORONEL DOMINGOS SOARES";745
"410650 CORONEL VIVIDA";1725
"410655 CORUMBATAI DO SUL";306
"410657 CRUZEIRO DO IGUACU";352
"410660 CRUZEIRO DO OESTE";1533
"410670 CRUZEIRO DO SUL";365
"410680 CRUZ MACHADO";1499
"410685 CRUZMALTINA";231
"410690 CURITIBA";124117
"410700 CURIUVA";1194
"410710 DIAMANTE DO NORTE";414
"410712 DIAMANTE DO SUL";314
"410715 DIAMANTE D'OESTE";462
"410720 DOIS VIZINHOS";2770
"410725 DOURADINA";551
"410730 DOUTOR CAMARGO";337
"410740 ENEAS MARQUES";475
"410750 ENGENHEIRO BELTRAO";1048
"410752 ESPERANCA NOVA";131
"410753 ENTRE RIOS DO OESTE";280
"410754 ESPIGAO ALTO DO IGUACU";488
"410755 FAROL";301
"410760 FAXINAL";1353
"410765 FAZENDA RIO GRANDE";7380
"410770 FENIX";324
"410773 FERNANDES PINHEIRO";530
"410775 FIGUEIRA";690
"410780 FLORAI";281
"410785 FLOR DA SERRA DO SUL";362
"410790 FLORESTA";405
"410800 FLORESTOPOLIS";903
"410810 FLORIDA";207
"410820 FORMOSA DO OESTE";461
"410830 FOZ DO IGUACU";23689
"410832 FRANCISCO ALVES";566
"410840 FRANCISCO BELTRAO";5979
"410845 FOZ DO JORDAO";565
"410850 GENERAL CARNEIRO";1327
"410855 GODOY MOREIRA";264
"410860 GOIOERE";2207
"410865 GOIOXIM";771
"410870 GRANDES RIOS";570
"410880 GUAIRA";2739
"410890 GUAIRACA";526
"410895 GUAMIRANGA";643
"410900 GUAPIRAMA";338
"410910 GUAPOREMA";153
"410920 GUARACI";366
"410930 GUARANIACU";1222
"410940 GUARAPUAVA";14400
"410950 GUARAQUECABA";750
"410960 GUARATUBA";2830
"410965 HONORIO SERPA";600
"410970 IBAITI";2453
"410975 IBEMA";496
"410980 IBIPORA";3626
"410990 ICARAIMA";702
"411000 IGUARACU";283
"411005 IGUATU";174
"411007 IMBAU";1066
"411010 IMBITUVA";2390
"411020 INACIO MARTINS";1150
"411030 INAJA";223
"411040 INDIANOPOLIS";337
"411050 IPIRANGA";1276
"411060 IPORA";1166
"411065 IRACEMA DO OESTE";178
"411070 IRATI";4442
"411080 IRETAMA";862
"411090 ITAGUAJE";423
"411095 ITAIPULANDIA";635
"411100 ITAMBARACA";547
"411110 ITAMBE";442
"411120 ITAPEJARA D'OESTE";745
"411125 ITAPERUCU";2214
"411130 ITAUNA DO SUL";350
"411140 IVAI";1192
"411150 IVAIPORA";2418
"411155 IVATE";602
"411160 IVATUBA";146
"411170 JABOTI";353
"411180 JACAREZINHO";3233
"411190 JAGUAPITA";891
"411200 JAGUARIAIVA";3109
"411210 JANDAIA DO SUL";1383
"411220 JANIOPOLIS";502
"411230 JAPIRA";422
"411240 JAPURA";569
"411250 JARDIM ALEGRE";974
"411260 JARDIM OLINDA";123
"411270 JATAIZINHO";1026
"411275 JESUITAS";686
"411280 JOAQUIM TAVORA";802
"411290 JUNDIAI DO SUL";273
"411295 JURANDA";512
"411300 JUSSARA";503
"411310 KALORE";299
"411320 LAPA";3703
"411325 LARANJAL";665
"411330 LARANJEIRAS DO SUL";2546
"411340 LEOPOLIS";301
"411342 LIDIANOPOLIS";315
"411345 LINDOESTE";459
"411350 LOANDA";1636
"411360 LOBATO";315
"411370 LONDRINA";36547
"411373 LUIZIANA";684
"411375 LUNARDELLI";401
"411380 LUPIONOPOLIS";303
"411390 MALLET";965
"411400 MAMBORE";1190
"411410 MANDAGUACU";1423
"411420 MANDAGUARI";2272
"411430 MANDIRITUBA";1864
"411435 MANFRINOPOLIS";290
"411440 MANGUEIRINHA";1649
"411450 MANOEL RIBAS";1232
"411460 MARECHAL CANDIDO RONDON";3032
"411470 MARIA HELENA";378
"411480 MARIALVA";2283
"411490 MARILANDIA DO SUL";717
"411500 MARILENA";526
"411510 MARILUZ";854
"411520 MARINGA";22529
"411530 MARIOPOLIS";484
"411535 MARIPA";359
"411540 MARMELEIRO";1073
"411545 MARQUINHO";487
"411550 MARUMBI";315
"411560 MATELANDIA";1322
"411570 MATINHOS";2417
"411573 MATO RICO";332
"411575 MAUA DA SERRA";772
"411580 MEDIANEIRA";3195
"411585 MERCEDES";387
"411590 MIRADOR";213
"411600 MIRASELVA";121
"411605 MISSAL";747
"411610 MOREIRA SALES";1004
"411620 MORRETES";1394
"411630 MUNHOZ DE MELO";224
"411640 NOSSA SENHORA DAS GRACAS";260
"411650 NOVA ALIANCA DO IVAI";121
"411660 NOVA AMERICA DA COLINA";291
"411670 NOVA AURORA";892
"411680 NOVA CANTU";688
"411690 NOVA ESPERANCA";1937
"411695 NOVA ESPERANCA DO SUDOESTE";412
"411700 NOVA FATIMA";671
"411705 NOVA LARANJEIRAS";1265
"411710 NOVA LONDRINA";1020
"411720 NOVA OLIMPIA";381
"411721 NOVA SANTA BARBARA";281
"411722 NOVA SANTA ROSA";544
"411725 NOVA PRATA DO IGUACU";760
"411727 NOVA TEBAS";655
"411729 NOVO ITACOLOMI";170
"411730 ORTIGUEIRA";2247
"411740 OURIZONA";231
"411745 OURO VERDE DO OESTE";444
"411750 PAICANDU";2694
"411760 PALMAS";4344
"411770 PALMEIRA";2708
"411780 PALMITAL";1536
"411790 PALOTINA";2099
"411800 PARAISO DO NORTE";872
"411810 PARANACITY";920
"411820 PARANAGUA";12622
"411830 PARANAPOEMA";232
"411840 PARANAVAI";6125
"411845 PATO BRAGADO";353
"411850 PATO BRANCO";5535
"411860 PAULA FREITAS";436
"411870 PAULO FRONTIN";493
"411880 PEABIRU";1038
"411885 PEROBAL";408
"411890 PEROLA";673
"411900 PEROLA D'OESTE";483
"411910 PIEN";934
"411915 PINHAIS";9492
"411920 PINHALAO";471
"411925 PINHAL DE SAO BENTO";223
"411930 PINHAO";2901
"411940 PIRAI DO SUL";2146
"411950 PIRAQUARA";8330
"411960 PITANGA";2848
"411965 PITANGUEIRAS";204
"411970 PLANALTINA DO PARANA";315
"411980 PLANALTO";957
"411990 PONTA GROSSA";26138
"411995 PONTAL DO PARANA";1565
"412000 PORECATU";1036
"412010 PORTO AMAZONAS";358
"412015 PORTO BARREIRO";321
"412020 PORTO RICO";198
"412030 PORTO VITORIA";362
"412033 PRADO FERREIRA";262
"412035 PRANCHITA";418
"412040 PRESIDENTE CASTELO BRANCO";367
"412050 PRIMEIRO DE MAIO";715
"412060 PRUDENTOPOLIS";4038
"412065 QUARTO CENTENARIO";369
"412070 QUATIGUA";481
"412080 QUATRO BARRAS";1671
"412085 QUATRO PONTES";223
"412090 QUEDAS DO IGUACU";2795
"412100 QUERENCIA DO NORTE";1001
"412110 QUINTA DO SOL";413
"412120 QUITANDINHA";1372
"412125 RAMILANDIA";338
"412130 RANCHO ALEGRE";264
"412135 RANCHO ALEGRE D'OESTE";219
"412140 REALEZA";1222
"412150 REBOUCAS";1176
"412160 RENASCENCA";623
"412170 RESERVA";2418
"412175 RESERVA DO IGUACU";693
"412180 RIBEIRAO CLARO";778
"412190 RIBEIRAO DO PINHAL";1115
"412200 RIO AZUL";1147
"412210 RIO BOM";234
"412215 RIO BONITO DO IGUACU";1219
"412217 RIO BRANCO DO IVAI";340
"412220 RIO BRANCO DO SUL";2826
"412230 RIO NEGRO";2674
"412240 ROLANDIA";4240
"412250 RONCADOR";972
"412260 RONDON";686
"412265 ROSARIO DO IVAI";463
"412270 SABAUDIA";406
"412280 SALGADO FILHO";352
"412290 SALTO DO ITARARE";383
"412300 SALTO DO LONTRA";1037
"412310 SANTA AMELIA";335
"412320 SANTA CECILIA DO PAVAO";311
"412330 SANTA CRUZ DE MONTE CASTELO";633
"412340 SANTA FE";690
"412350 SANTA HELENA";1597
"412360 SANTA INES";148
"412370 SANTA ISABEL DO IVAI";627
"412380 SANTA IZABEL DO OESTE";933
"412382 SANTA LUCIA";348
"412385 SANTA MARIA DO OESTE";1089
"412390 SANTA MARIANA";876
"412395 SANTA MONICA";295
"412400 SANTANA DO ITARARE";409
"412402 SANTA TEREZA DO OESTE";950
"412405 SANTA TEREZINHA DE ITAIPU";1648
"412410 SANTO ANTONIO DA PLATINA";3600
"412420 SANTO ANTONIO DO CAIUA";194
"412430 SANTO ANTONIO DO PARAISO";213
"412440 SANTO ANTONIO DO SUDOESTE";1632
"412450 SANTO INACIO";381
"412460 SAO CARLOS DO IVAI";479
"412470 SAO JERONIMO DA SERRA";995
"412480 SAO JOAO";815
"412490 SAO JOAO DO CAIUA";463
"412500 SAO JOAO DO IVAI";844
"412510 SAO JOAO DO TRIUNFO";1250
"412520 SAO JORGE D'OESTE";640
"412530 SAO JORGE DO IVAI";395
"412535 SAO JORGE DO PATROCINIO";416
"412540 SAO JOSE DA BOA VISTA";522
"412545 SAO JOSE DAS PALMEIRAS";280
"412550 SAO JOSE DOS PINHAIS";21986
"412555 SAO MANOEL DO PARANA";144
"412560 SAO MATEUS DO SUL";3391
"412570 SAO MIGUEL DO IGUACU";2054
"412575 SAO PEDRO DO IGUACU";506
"412580 SAO PEDRO DO IVAI";858
"412590 SAO PEDRO DO PARANA";170
"412600 SAO SEBASTIAO DA AMOREIRA";653
"412610 SAO TOME";410
"412620 SAPOPEMA";553
"412625 SARANDI";6901
"412627 SAUDADE DO IGUACU";440
"412630 SENGES";1713
"412635 SERRANOPOLIS DO IGUACU";322
"412640 SERTANEJA";423
"412650 SERTANOPOLIS";1121
"412660 SIQUEIRA CAMPOS";1292
"412665 SULINA";283
"412667 TAMARANA";1107
"412670 TAMBOARA";320
"412680 TAPEJARA";1145
"412690 TAPIRA";445
"412700 TEIXEIRA SOARES";822
"412710 TELEMACO BORBA";6429
"412720 TERRA BOA";1069
"412730 TERRA RICA";1251
"412740 TERRA ROXA";1229
"412750 TIBAGI";1917
"412760 TIJUCAS DO SUL";1226
"412770 TOLEDO";8097
"412780 TOMAZINA";729
"412785 TRES BARRAS DO PARANA";1036
"412788 TUNAS DO PARANA";569
"412790 TUNEIRAS DO OESTE";698
"412795 TUPASSI";647
"412796 TURVO";1286
"412800 UBIRATA";1602
"412810 UMUARAMA";7088
"412820 UNIAO DA VITORIA";4397
"412830 UNIFLOR";172
"412840 URAI";809
"412850 WENCESLAU BRAZ";1626
"412853 VENTANIA";830
"412855 VERA CRUZ DO OESTE";686
"412860 VERE";599
"412862 ALTO PARAISO";288
"412863 DOUTOR ULYSSES";551
"412865 VIRMOND";340
"412870 VITORINO";525
"412880 XAMBRE";444
"420005 ABDON BATISTA";209
"420010 ABELARDO LUZ";1502
"420020 AGROLANDIA";731
"420030 AGRONOMICA";354
"420040 AGUA DOCE";593
"420050 AGUAS DE CHAPECO";448
"420055 AGUAS FRIAS";160
"420060 AGUAS MORNAS";279
"420070 ALFREDO WAGNER";698
"420075 ALTO BELA VISTA";134
"420080 ANCHIETA";524
"420090 ANGELINA";365
"420100 ANITA GARIBALDI";744
"420110 ANITAPOLIS";249
"420120 ANTONIO CARLOS";464
"420125 APIUNA";706
"420127 ARABUTA";293
"420130 ARAQUARI";1832
"420140 ARARANGUA";4673
"420150 ARMAZEM";541
"420160 ARROIO TRINTA";196
"420165 ARVOREDO";150
"420170 ASCURRA";510
"420180 ATALANTA";203
"420190 AURORA";391
"420195 BALNEARIO ARROIO DO SILVA";649
"420200 BALNEARIO CAMBORIU";5819
"420205 BALNEARIO BARRA DO SUL";563
"420207 BALNEARIO GAIVOTA";566
"420208 BANDEIRANTE";223
"420209 BARRA BONITA";147
"420210 BARRA VELHA";1667
"420213 BELA VISTA DO TOLDO";487
"420215 BELMONTE";211
"420220 BENEDITO NOVO";731
"420230 BIGUACU";4148
"420240 BLUMENAU";19742
"420243 BOCAINA DO SUL";250
"420245 BOMBINHAS";925
"420250 BOM JARDIM DA SERRA";321
"420253 BOM JESUS";183
"420257 BOM JESUS DO OESTE";151
"420260 BOM RETIRO";774
"420270 BOTUVERA";250
"420280 BRACO DO NORTE";2029
"420285 BRACO DO TROMBUDO";273
"420287 BRUNOPOLIS";221
"420290 BRUSQUE";6625
"420300 CACADOR";5799
"420310 CAIBI";414
"420315 CALMON";373
"420320 CAMBORIU";4693
"420325 CAPAO ALTO";233
"420330 CAMPO ALEGRE";1011
"420340 CAMPO BELO DO SUL";660
"420350 CAMPO ERE";817
"420360 CAMPOS NOVOS";2623
"420370 CANELINHA";798
"420380 CANOINHAS";4249
"420390 CAPINZAL";1542
"420395 CAPIVARI DE BAIXO";1648
"420400 CATANDUVAS";720
"420410 CAXAMBU DO SUL";329
"420415 CELSO RAMOS";194
"420417 CERRO NEGRO";284
"420419 CHAPADAO DO LAGEADO";236
"420420 CHAPECO";13043
"420425 COCAL DO SUL";921
"420430 CONCORDIA";4827
"420435 CORDILHEIRA ALTA";216
"420440 CORONEL FREITAS";665
"420445 CORONEL MARTINS";150
"420450 CORUPA";985
"420455 CORREIA PINTO";1278
"420460 CRICIUMA";13539
"420470 CUNHA PORA";635
"420475 CUNHATAI";125
"420480 CURITIBANOS";3216
"420490 DESCANSO";589
"420500 DIONISIO CERQUEIRA";1266
"420510 DONA EMMA";288
"420515 DOUTOR PEDRINHO";274
"420517 ENTRE RIOS";244
"420519 ERMO";167
"420520 ERVAL VELHO";299
"420530 FAXINAL DOS GUEDES";906
"420535 FLOR DO SERTAO";113
"420540 FLORIANOPOLIS";24249
"420543 FORMOSA DO SUL";166
"420545 FORQUILHINHA";1697
"420550 FRAIBURGO";3042
"420555 FREI ROGERIO";190
"420560 GALVAO";294
"420570 GAROPABA";1123
"420580 GARUVA";1222
"420590 GASPAR";3960
"420600 GOVERNADOR CELSO RAMOS";771
"420610 GRAO PARA";442
"420620 GRAVATAL";741
"420630 GUABIRUBA";1107
"420640 GUARACIABA";657
"420650 GUARAMIRIM";2578
"420660 GUARUJA DO SUL";290
"420665 GUATAMBU";354
"420670 HERVAL D'OESTE";1560
"420675 IBIAM";129
"420680 IBICARE";229
"420690 IBIRAMA";1341
"420700 ICARA";3513
"420710 ILHOTA";987
"420720 IMARUI";796
"420730 IMBITUBA";2702
"420740 IMBUIA";487
"420750 INDAIAL";3821
"420757 IOMERE";149
"420760 IPIRA";326
"420765 IPORA DO OESTE";601
"420768 IPUACU";687
"420770 IPUMIRIM";456
"420775 IRACEMINHA";291
"420780 IRANI";741
"420785 IRATI";135
"420790 IRINEOPOLIS";908
"420800 ITA";475
"420810 ITAIOPOLIS";1830
"420820 ITAJAI";13281
"420830 ITAPEMA";2799
"420840 ITAPIRANGA";1052
"420845 ITAPOA";978
"420850 ITUPORANGA";1601
"420860 JABORA";258
"420870 JACINTO MACHADO";708
"420880 JAGUARUNA";1210
"420890 JARAGUA DO SUL";9603
"420895 JARDINOPOLIS";104
"420900 JOACABA";1744
"420910 JOINVILLE";37147
"420915 JOSE BOITEUX";430
"420917 JUPIA";161
"420920 LACERDOPOLIS";129
"420930 LAGES";12521
"420940 LAGUNA";2915
"420945 LAJEADO GRANDE";90
"420950 LAURENTINO";387
"420960 LAURO MULLER";1083
"420970 LEBON REGIS";1193
"420980 LEOBERTO LEAL";274
"420985 LINDOIA DO SUL";317
"420990 LONTRAS";777
"421000 LUIZ ALVES";746
"421003 LUZERNA";295
"421005 MACIEIRA";139
"421010 MAFRA";4035
"421020 MAJOR GERCINO";229
"421030 MAJOR VIEIRA";614
"421040 MARACAJA";530
"421050 MARAVILHA";1416
"421055 MAREMA";111
"421060 MASSARANDUBA";899
"421070 MATOS COSTA";320
"421080 MELEIRO";463
"421085 MIRIM DOCE";184
"421090 MODELO";268
"421100 MONDAI";620
"421105 MONTE CARLO";850
"421110 MONTE CASTELO";689
"421120 MORRO DA FUMACA";1304
"421125 MORRO GRANDE";207
"421130 NAVEGANTES";4526
"421140 NOVA ERECHIM";242
"421145 NOVA ITABERABA";283
"421150 NOVA TRENTO";681
"421160 NOVA VENEZA";829
"421165 NOVO HORIZONTE";220
"421170 ORLEANS";1464
"421175 OTACILIO COSTA";1349
"421180 OURO";524
"421185 OURO VERDE";178
"421187 PAIAL";133
"421189 PAINEL";186
"421190 PALHOCA";9634
"421200 PALMA SOLA";698
"421205 PALMEIRA";186
"421210 PALMITOS";1046
"421220 PAPANDUVA";1464
"421223 PARAISO";291
"421225 PASSO DE TORRES";482
"421227 PASSOS MAIA";405
"421230 PAULO LOPES";471
"421240 PEDRAS GRANDES";287
"421250 PENHA";1763
"421260 PERITIBA";191
"421265 PESCARIA BRAVA";626
"421270 PETROLANDIA";444
"421280 BALNEARIO PICARRAS";1201
"421290 PINHALZINHO";1009
"421300 PINHEIRO PRETO";186
"421310 PIRATUBA";340
"421315 PLANALTO ALEGRE";160
"421320 POMERODE";1713
"421330 PONTE ALTA";432
"421335 PONTE ALTA DO NORTE";295
"421340 PONTE SERRADA";974
"421350 PORTO BELO";1068
"421360 PORTO UNIAO";2673
"421370 POUSO REDONDO";1146
"421380 PRAIA GRANDE";550
"421390 PRESIDENTE CASTELLO BRANCO";100
"421400 PRESIDENTE GETULIO";998
"421410 PRESIDENTE NEREU";164
"421415 PRINCESA";188
"421420 QUILOMBO";690
"421430 RANCHO QUEIMADO";180
"421440 RIO DAS ANTAS";506
"421450 RIO DO CAMPO";534
"421460 RIO DO OESTE";477
"421470 RIO DOS CEDROS";667
"421480 RIO DO SUL";4210
"421490 RIO FORTUNA";272
"421500 RIO NEGRINHO";3419
"421505 RIO RUFINO";199
"421507 RIQUEZA";361
"421510 RODEIO";690
"421520 ROMELANDIA";424
"421530 SALETE";547
"421535 SALTINHO";357
"421540 SALTO VELOSO";282
"421545 SANGAO";947
"421550 SANTA CECILIA";1460
"421555 SANTA HELENA";163
"421560 SANTA ROSA DE LIMA";125
"421565 SANTA ROSA DO SUL";621
"421567 SANTA TEREZINHA";638
"421568 SANTA TEREZINHA DO PROGRESSO";243
"421569 SANTIAGO DO SUL";113
"421570 SANTO AMARO DA IMPERATRIZ";1236
"421575 SAO BERNARDINO";221
"421580 SAO BENTO DO SUL";5829
"421590 SAO BONIFACIO";193
"421600 SAO CARLOS";676
"421605 SAO CRISTOVAO DO SUL";415
"421610 SAO DOMINGOS";733
"421620 SAO FRANCISCO DO SUL";3254
"421625 SAO JOAO DO OESTE";311
"421630 SAO JOAO BATISTA";1594
"421635 SAO JOAO DO ITAPERIU";257
"421640 SAO JOAO DO SUL";467
"421650 SAO JOAQUIM";2093
"421660 SAO JOSE";13613
"421670 SAO JOSE DO CEDRO";950
"421680 SAO JOSE DO CERRITO";741
"421690 SAO LOURENCO DO OESTE";1548
"421700 SAO LUDGERO";753
"421710 SAO MARTINHO";203
"421715 SAO MIGUEL DA BOA VISTA";133
"421720 SAO MIGUEL DO OESTE";2337
"421725 SAO PEDRO DE ALCANTARA";210
"421730 SAUDADES";575
"421740 SCHROEDER";1079
"421750 SEARA";1169
"421755 SERRA ALTA";205
"421760 SIDEROPOLIS";878
"421770 SOMBRIO";2102
"421775 SUL BRASIL";201
"421780 TAIO";1226
"421790 TANGARA";640
"421795 TIGRINHOS";111
"421800 TIJUCAS";2049
"421810 TIMBE DO SUL";380
"421820 TIMBO";2218
"421825 TIMBO GRANDE";718
"421830 TRES BARRAS";1761
"421835 TREVISO";205
"421840 TREZE DE MAIO";452
"421850 TREZE TILIAS";417
"421860 TROMBUDO CENTRAL";491
"421870 TUBARAO";6390
"421875 TUNAPOLIS";323
"421880 TURVO";811
"421885 UNIAO DO OESTE";236
"421890 URUBICI";914
"421895 URUPEMA";156
"421900 URUSSANGA";1261
"421910 VARGEAO";318
"421915 VARGEM";234
"421917 VARGEM BONITA";421
"421920 VIDAL RAMOS";520
"421930 VIDEIRA";3466
"421935 VITOR MEIRELES";469
"421940 WITMARSUM";253
"421950 XANXERE";3229
"421960 XAVANTINA";293
"421970 XAXIM";1881
"421985 ZORTEA";236
"422000 BALNEARIO RINCAO";839
"430003 ACEGUA";340
"430005 AGUA SANTA";314
"430010 AGUDO";1080
"430020 AJURICABA";509
"430030 ALECRIM";443
"430040 ALEGRETE";5944
"430045 ALEGRIA";270
"430047 ALMIRANTE TAMANDARE DO SUL";148
"430050 ALPESTRE";627
"430055 ALTO ALEGRE";119
"430057 ALTO FELIZ";142
"430060 ALVORADA";17607
"430063 AMARAL FERRADOR";545
"430064 AMETISTA DO SUL";623
"430066 ANDRE DA ROCHA";86
"430070 ANTA GORDA";338
"430080 ANTONIO PRADO";745
"430085 ARAMBARE";271
"430087 ARARICA";396
"430090 ARATIBA";311
"430100 ARROIO DO MEIO";1106
"430105 ARROIO DO SAL";555
"430107 ARROIO DO PADRE";173
"430110 ARROIO DOS RATOS";1073
"430120 ARROIO DO TIGRE";939
"430130 ARROIO GRANDE";1413
"430140 ARVOREZINHA";700
"430150 AUGUSTO PESTANA";427
"430155 AUREA";217
"430160 BAGE";8869
"430163 BALNEARIO PINHAL";830
"430165 BARAO";324
"430170 BARAO DE COTEGIPE";389
"430175 BARAO DO TRIUNFO";579
"430180 BARRACAO";386
"430185 BARRA DO GUARITA";273
"430187 BARRA DO QUARAI";394
"430190 BARRA DO RIBEIRO";992
"430192 BARRA DO RIO AZUL";119
"430195 BARRA FUNDA";145
"430200 BARROS CASSAL";1008
"430205 BENJAMIN CONSTANT DO SUL";193
"430210 BENTO GONCALVES";6386
"430215 BOA VISTA DAS MISSOES";156
"430220 BOA VISTA DO BURICA";375
"430222 BOA VISTA DO CADEADO";144
"430223 BOA VISTA DO INCRA";181
"430225 BOA VISTA DO SUL";121
"430230 BOM JESUS";1024
"430235 BOM PRINCIPIO";707
"430237 BOM PROGRESSO";166
"430240 BOM RETIRO DO SUL";817
"430245 BOQUEIRAO DO LEAO";657
"430250 BOSSOROCA";531
"430258 BOZANO";150
"430260 BRAGA";325
"430265 BROCHIER";261
"430270 BUTIA";1734
"430280 CACAPAVA DO SUL";2374
"430290 CACEQUI";1146
"430300 CACHOEIRA DO SUL";6245
"430310 CACHOEIRINHA";9000
"430320 CACIQUE DOBLE";392
"430330 CAIBATE";330
"430340 CAICARA";322
"430350 CAMAQUA";4550
"430355 CAMARGO";152
"430360 CAMBARA DO SUL";560
"430367 CAMPESTRE DA SERRA";231
"430370 CAMPINA DAS MISSOES";327
"430380 CAMPINAS DO SUL";324
"430390 CAMPO BOM";4463
"430400 CAMPO NOVO";411
"430410 CAMPOS BORGES";224
"430420 CANDELARIA";2162
"430430 CANDIDO GODOI";437
"430435 CANDIOTA";775
"430440 CANELA";3191
"430450 CANGUCU";3669
"430460 CANOAS";26406
"430461 CANUDOS DO VALE";92
"430462 CAPAO BONITO DO SUL";121
"430463 CAPAO DA CANOA";3376
"430465 CAPAO DO CIPO";237
"430466 CAPAO DO LEAO";2209
"430467 CAPIVARI DO SUL";299
"430468 CAPELA DE SANTANA";838
"430469 CAPITAO";205
"430470 CARAZINHO";4433
"430471 CARAA";497
"430480 CARLOS BARBOSA";1479
"430485 CARLOS GOMES";78
"430490 CASCA";480
"430495 CASEIROS";225
"430500 CATUIPE";615
"430510 CAXIAS DO SUL";31052
"430511 CENTENARIO";164
"430512 CERRITO";449
"430513 CERRO BRANCO";272
"430515 CERRO GRANDE";185
"430517 CERRO GRANDE DO SUL";842
"430520 CERRO LARGO";907
"430530 CHAPADA";560
"430535 CHARQUEADAS";2510
"430537 CHARRUA";289
"430540 CHIAPETTA";314
"430543 CHUI";541
"430544 CHUVISCA";431
"430545 CIDREIRA";892
"430550 CIRIACO";306
"430558 COLINAS";119
"430560 COLORADO";218
"430570 CONDOR";542
"430580 CONSTANTINA";717
"430583 COQUEIRO BAIXO";57
"430585 COQUEIROS DO SUL";147
"430587 CORONEL BARROS";139
"430590 CORONEL BICACO";658
"430593 CORONEL PILAR";90
"430595 COTIPORA";160
"430597 COXILHA";222
"430600 CRISSIUMAL";950
"430605 CRISTAL";580
"430607 CRISTAL DO SUL";225
"430610 CRUZ ALTA";5148
"430613 CRUZALTENSE";127
"430620 CRUZEIRO DO SUL";722
"430630 DAVID CANABARRO";310
"430632 DERRUBADAS";244
"430635 DEZESSEIS DE NOVEMBRO";172
"430637 DILERMANDO DE AGUIAR";234
"430640 DOIS IRMAOS";1729
"430642 DOIS IRMAOS DAS MISSOES";194
"430645 DOIS LAJEADOS";176
"430650 DOM FELICIANO";1163
"430655 DOM PEDRO DE ALCANTARA";125
"430660 DOM PEDRITO";3013
"430670 DONA FRANCISCA";241
"430673 DOUTOR MAURICIO CARDOSO";291
"430675 DOUTOR RICARDO";94
"430676 ELDORADO DO SUL";2892
"430680 ENCANTADO";1288
"430690 ENCRUZILHADA DO SUL";1856
"430692 ENGENHO VELHO";154
"430693 ENTRE-IJUIS";690
"430695 ENTRE RIOS DO SUL";250
"430697 EREBANGO";217
"430700 ERECHIM";6546
"430705 ERNESTINA";224
"430710 HERVAL";633
"430720 ERVAL GRANDE";363
"430730 ERVAL SECO";688
"430740 ESMERALDA";219
"430745 ESPERANCA DO SUL";242
"430750 ESPUMOSO";1144
"430755 ESTACAO";386
"430760 ESTANCIA VELHA";3023
"430770 ESTEIO";6307
"430780 ESTRELA";2068
"430781 ESTRELA VELHA";256
"430783 EUGENIO DE CASTRO";186
"430786 FAGUNDES VARELA";142
"430790 FARROUPILHA";4261
"430800 FAXINAL DO SOTURNO";404
"430805 FAXINALZINHO";170
"430807 FAZENDA VILANOVA";300
"430810 FELIZ";697
"430820 FLORES DA CUNHA";1690
"430825 FLORIANO PEIXOTO";105
"430830 FONTOURA XAVIER";869
"430840 FORMIGUEIRO";476
"430843 FORQUETINHA";107
"430845 FORTALEZA DOS VALOS";298
"430850 FREDERICO WESTPHALEN";2050
"430860 GARIBALDI";1725
"430865 GARRUCHOS";263
"430870 GAURAMA";330
"430880 GENERAL CAMARA";678
"430885 GENTIL";113
"430890 GETULIO VARGAS";1017
"430900 GIRUA";1215
"430905 GLORINHA";462
"430910 GRAMADO";2255
"430912 GRAMADO DOS LOUREIROS";206
"430915 GRAMADO XAVIER";389
"430920 GRAVATAI";20636
"430925 GUABIJU";80
"430930 GUAIBA";7566
"430940 GUAPORE";1445
"430950 GUARANI DAS MISSOES";513
"430955 HARMONIA";255
"430957 HERVEIRAS";260
"430960 HORIZONTINA";1303
"430965 HULHA NEGRA";584
"430970 HUMAITA";337
"430975 IBARAMA";391
"430980 IBIACA";244
"430990 IBIRAIARAS";460
"430995 IBIRAPUITA";306
"431000 IBIRUBA";1354
"431010 IGREJINHA";2419
"431020 IJUI";5510
"431030 ILOPOLIS";246
"431033 IMBE";1326
"431036 IMIGRANTE";166
"431040 INDEPENDENCIA";476
"431041 INHACORA";169
"431043 IPE";359
"431046 IPIRANGA DO SUL";98
"431050 IRAI";634
"431053 ITAARA";396
"431055 ITACURUBI";278
"431057 ITAPUCA";162
"431060 ITAQUI";3513
"431065 ITATI";160
"431070 ITATIBA DO SUL";292
"431075 IVORA";147
"431080 IVOTI";1249
"431085 JABOTICABA";357
"431087 JACUIZINHO";167
"431090 JACUTINGA";220
"431100 JAGUARAO";2120
"431110 JAGUARI";617
"431112 JAQUIRANA";432
"431113 JARI";246
"431115 JOIA";648
"431120 JULIO DE CASTILHOS";1697
"431123 LAGOA BONITA DO SUL";217
"431125 LAGOAO";554
"431127 LAGOA DOS TRES CANTOS";74
"431130 LAGOA VERMELHA";2112
"431140 LAJEADO";4974
"431142 LAJEADO DO BUGRE";249
"431150 LAVRAS DO SUL";612
"431160 LIBERATO SALZANO";424
"431162 LINDOLFO COLLOR";433
"431164 LINHA NOVA";84
"431170 MACHADINHO";428
"431171 MACAMBARA";416
"431173 MAMPITUBA";254
"431175 MANOEL VIANA";541
"431177 MAQUINE";486
"431179 MARATA";114
"431180 MARAU";2418
"431190 MARCELINO RAMOS";341
"431198 MARIANA PIMENTEL";240
"431200 MARIANO MORO";140
"431205 MARQUES DE SOUZA";234
"431210 MATA";340
"431213 MATO CASTELHANO";194
"431215 MATO LEITAO";225
"431217 MATO QUEIMADO";135
"431220 MAXIMILIANO DE ALMEIDA";355
"431225 MINAS DO LEAO";644
"431230 MIRAGUAI";381
"431235 MONTAURI";83
"431237 MONTE ALEGRE DOS CAMPOS";248
"431238 MONTE BELO DO SUL";121
"431240 MONTENEGRO";4691
"431242 MORMACO";199
"431244 MORRINHOS DO SUL";154
"431245 MORRO REDONDO";353
"431247 MORRO REUTER";285
"431250 MOSTARDAS";912
"431260 MUCUM";302
"431261 MUITOS CAPOES";246
"431262 MULITERNO";133
"431265 NAO-ME-TOQUE";1054
"431267 NICOLAU VERGUEIRO";149
"431270 NONOAI";1020
"431275 NOVA ALVORADA";197
"431280 NOVA ARACA";188
"431290 NOVA BASSANO";530
"431295 NOVA BOA VISTA";101
"431300 NOVA BRESCIA";133
"431301 NOVA CANDELARIA";148
"431303 NOVA ESPERANCA DO SUL";266
"431306 NOVA HARTZ";1578
"431308 NOVA PADUA";144
"431310 NOVA PALMA";373
"431320 NOVA PETROPOLIS";1173
"431330 NOVA PRATA";1434
"431333 NOVA RAMADA";162
"431335 NOVA ROMA DO SUL";182
"431337 NOVA SANTA RITA";1881
"431339 NOVO CABRAIS";240
"431340 NOVO HAMBURGO";18183
"431342 NOVO MACHADO";268
"431344 NOVO TIRADENTES";174
"431346 NOVO XINGU";101
"431349 NOVO BARREIRO";287
"431350 OSORIO";2968
"431360 PAIM FILHO";277
"431365 PALMARES DO SUL";799
"431370 PALMEIRA DAS MISSOES";2868
"431380 PALMITINHO";460
"431390 PANAMBI";2820
"431395 PANTANO GRANDE";868
"431400 PARAI";439
"431402 PARAISO DO SUL";486
"431403 PARECI NOVO";185
"431405 PAROBE";4284
"431406 PASSA SETE";346
"431407 PASSO DO SOBRADO";399
"431410 PASSO FUNDO";14247
"431413 PAULO BENTO";136
"431415 PAVERAMA";574
"431417 PEDRAS ALTAS";181
"431420 PEDRO OSORIO";570
"431430 PEJUCARA";257
"431440 PELOTAS";22780
"431442 PICADA CAFE";276
"431445 PINHAL";184
"431446 PINHAL DA SERRA";146
"431447 PINHAL GRANDE";322
"431449 PINHEIRINHO DO VALE";319
"431450 PINHEIRO MACHADO";936
"431454 PINTO BANDEIRA";141
"431455 PIRAPO";188
"431460 PIRATINI";1396
"431470 PLANALTO";759
"431475 POCO DAS ANTAS";119
"431477 PONTAO";307
"431478 PONTE PRETA";109
"431480 PORTAO";2385
"431490 PORTO ALEGRE";96377
"431500 PORTO LUCENA";271
"431505 PORTO MAUA";141
"431507 PORTO VERA CRUZ";113
"431510 PORTO XAVIER";741
"431513 POUSO NOVO";123
"431514 PRESIDENTE LUCENA";146
"431515 PROGRESSO";398
"431517 PROTASIO ALVES";112
"431520 PUTINGA";235
"431530 QUARAI";1918
"431531 QUATRO IRMAOS";139
"431532 QUEVEDOS";193
"431535 QUINZE DE NOVEMBRO";269
"431540 REDENTORA";1175
"431545 RELVADO";125
"431550 RESTINGA SECA";1024
"431555 RIO DOS INDIOS";279
"431560 RIO GRANDE";14869
"431570 RIO PARDO";2753
"431575 RIOZINHO";291
"431580 ROCA SALES";681
"431590 RODEIO BONITO";402
"431595 ROLADOR";174
"431600 ROLANTE";1390
"431610 RONDA ALTA";744
"431620 RONDINHA";351
"431630 ROQUE GONZALES";495
"431640 ROSARIO DO SUL";3049
"431642 SAGRADA FAMILIA";197
"431643 SALDANHA MARINHO";166
"431645 SALTO DO JACUI";1030
"431647 SALVADOR DAS MISSOES";124
"431650 SALVADOR DO SUL";383
"431660 SANANDUVA";993
"431670 SANTA BARBARA DO SUL";588
"431673 SANTA CECILIA DO SUL";92
"431675 SANTA CLARA DO SUL";355
"431680 SANTA CRUZ DO SUL";7810
"431690 SANTA MARIA";18197
"431695 SANTA MARIA DO HERVAL";334
"431697 SANTA MARGARIDA DO SUL";162
"431700 SANTANA DA BOA VISTA";562
"431710 SANT'ANA DO LIVRAMENTO";7044
"431720 SANTA ROSA";4818
"431725 SANTA TEREZA";84
"431730 SANTA VITORIA DO PALMAR";2488
"431740 SANTIAGO";3437
"431750 SANTO ANGELO";5773
"431755 SANTO ANTONIO DO PALMA";115
"431760 SANTO ANTONIO DA PATRULHA";2788
"431770 SANTO ANTONIO DAS MISSOES";919
"431775 SANTO ANTONIO DO PLANALTO";144
"431780 SANTO AUGUSTO";1099
"431790 SANTO CRISTO";897
"431795 SANTO EXPEDITO DO SUL";181
"431800 SAO BORJA";4785
"431805 SAO DOMINGOS DO SUL";174
"431810 SAO FRANCISCO DE ASSIS";1313
"431820 SAO FRANCISCO DE PAULA";1862
"431830 SAO GABRIEL";4691
"431840 SAO JERONIMO";1811
"431842 SAO JOAO DA URTIGA";273
"431843 SAO JOAO DO POLESINE";129
"431844 SAO JORGE";186
"431845 SAO JOSE DAS MISSOES";207
"431846 SAO JOSE DO HERVAL";174
"431848 SAO JOSE DO HORTENCIO";296
"431849 SAO JOSE DO INHACORA";125
"431850 SAO JOSE DO NORTE";1854
"431860 SAO JOSE DO OURO";441
"431861 SAO JOSE DO SUL";119
"431862 SAO JOSE DOS AUSENTES";267
"431870 SAO LEOPOLDO";17133
"431880 SAO LOURENCO DO SUL";2903
"431890 SAO LUIZ GONZAGA";2662
"431900 SAO MARCOS";1279
"431910 SAO MARTINHO";349
"431912 SAO MARTINHO DA SERRA";201
"431915 SAO MIGUEL DAS MISSOES";585
"431920 SAO NICOLAU";420
"431930 SAO PAULO DAS MISSOES";424
"431935 SAO PEDRO DA SERRA";209
"431936 SAO PEDRO DAS MISSOES";137
"431937 SAO PEDRO DO BUTIA";172
"431940 SAO PEDRO DO SUL";1087
"431950 SAO SEBASTIAO DO CAI";1688
"431960 SAO SEPE";1658
"431970 SAO VALENTIM";201
"431971 SAO VALENTIM DO SUL";109
"431973 SAO VALERIO DO SUL";248
"431975 SAO VENDELINO";96
"431980 SAO VICENTE DO SUL";585
"431990 SAPIRANGA";5951
"432000 SAPUCAIA DO SUL";10646
"432010 SARANDI";1512
"432020 SEBERI";854
"432023 SEDE NOVA";230
"432026 SEGREDO";539
"432030 SELBACH";316
"432032 SENADOR SALGADO FILHO";199
"432035 SENTINELA DO SUL";359
"432040 SERAFINA CORREA";946
"432045 SERIO";125
"432050 SERTAO";387
"432055 SERTAO SANTANA";397
"432057 SETE DE SETEMBRO";143
"432060 SEVERIANO DE ALMEIDA";228
"432065 SILVEIRA MARTINS";154
"432067 SINIMBU";664
"432070 SOBRADINHO";1025
"432080 SOLEDADE";2350
"432085 TABAI";333
"432090 TAPEJARA";1077
"432100 TAPERA";809
"432110 TAPES";1280
"432120 TAQUARA";4371
"432130 TAQUARI";2028
"432132 TAQUARUCU DO SUL";199
"432135 TAVARES";348
"432140 TENENTE PORTELA";1116
"432143 TERRA DE AREIA";736
"432145 TEUTONIA";1765
"432146 TIO HUGO";184
"432147 TIRADENTES DO SUL";499
"432149 TOROPI";166
"432150 TORRES";2438
"432160 TRAMANDAI";3333
"432162 TRAVESSEIRO";107
"432163 TRES ARROIOS";145
"432166 TRES CACHOEIRAS";693
"432170 TRES COROAS";1825
"432180 TRES DE MAIO";1567
"432183 TRES FORQUILHAS";225
"432185 TRES PALMEIRAS";346
"432190 TRES PASSOS";1526
"432195 TRINDADE DO SUL";470
"432200 TRIUNFO";2081
"432210 TUCUNDUVA";341
"432215 TUNAS";345
"432218 TUPANCI DO SUL";88
"432220 TUPANCIRETA";1919
"432225 TUPANDI";238
"432230 TUPARENDI";440
"432232 TURUCU";280
"432234 UBIRETAMA";113
"432235 UNIAO DA SERRA";90
"432237 UNISTALDA";170
"432240 URUGUAIANA";11966
"432250 VACARIA";5249
"432252 VALE VERDE";221
"432253 VALE DO SOL";669
"432254 VALE REAL";339
"432255 VANINI";105
"432260 VENANCIO AIRES";4160
"432270 VERA CRUZ";1624
"432280 VERANOPOLIS";1279
"432285 VESPASIANO CORREA";114
"432290 VIADUTOS";287
"432300 VIAMAO";20118
"432310 VICENTE DUTRA";487
"432320 VICTOR GRAEFF";230
"432330 VILA FLORES";164
"432335 VILA LANGARO";119
"432340 VILA MARIA";217
"432345 VILA NOVA DO SUL";279
"432350 VISTA ALEGRE";211
"432360 VISTA ALEGRE DO PRATA";92
"432370 VISTA GAUCHA";162
"432375 VITORIA DAS MISSOES";248
"432377 WESTFALIA";140
"432380 XANGRI-LA";1019
"500020 AGUA CLARA";1213
"500025 ALCINOPOLIS";341
"500060 AMAMBAI";3534
"500070 ANASTACIO";2137
"500080 ANAURILANDIA";701
"500085 ANGELICA";739
"500090 ANTONIO JOAO";879
"500100 APARECIDA DO TABOADO";1592
"500110 AQUIDAUANA";4366
"500124 ARAL MOREIRA";1102
"500150 BANDEIRANTES";566
"500190 BATAGUASSU";1685
"500200 BATAYPORA";960
"500210 BELA VISTA";2249
"500215 BODOQUENA";772
"500220 BONITO";1718
"500230 BRASILANDIA";1107
"500240 CAARAPO";2531
"500260 CAMAPUA";1089
"500270 CAMPO GRANDE";60746
"500280 CARACOL";417
"500290 CASSILANDIA";1499
"500295 CHAPADAO DO SUL";1431
"500310 CORGUINHO";369
"500315 CORONEL SAPUCAIA";1566
"500320 CORUMBA";9661
"500325 COSTA RICA";1317
"500330 COXIM";2562
"500345 DEODAPOLIS";1025
"500348 DOIS IRMAOS DO BURITI";838
"500350 DOURADINA";462
"500370 DOURADOS";16025
"500375 ELDORADO";1015
"500380 FATIMA DO SUL";1390
"500390 FIGUEIRAO";263
"500400 GLORIA DE DOURADOS";758
"500410 GUIA LOPES DA LAGUNA";966
"500430 IGUATEMI";1297
"500440 INOCENCIA";658
"500450 ITAPORA";2061
"500460 ITAQUIRAI";1614
"500470 IVINHEMA";1692
"500480 JAPORA";1074
"500490 JARAGUARI";476
"500500 JARDIM";2252
"500510 JATEI";364
"500515 JUTI";531
"500520 LADARIO";1824
"500525 LAGUNA CARAPA";679
"500540 MARACAJU";2786
"500560 MIRANDA";2630
"500568 MUNDO NOVO";1313
"500570 NAVIRAI";3758
"500580 NIOAQUE";1440
"500600 NOVA ALVORADA DO SUL";1414
"500620 NOVA ANDRADINA";3779
"500625 NOVO HORIZONTE DO SUL";457
"500627 PARAISO DAS AGUAS";388
"500630 PARANAIBA";2985
"500635 PARANHOS";1766
"500640 PEDRO GOMES";653
"500660 PONTA PORA";7350
"500690 PORTO MURTINHO";1548
"500710 RIBAS DO RIO PARDO";1848
"500720 RIO BRILHANTE";2682
"500730 RIO NEGRO";417
"500740 RIO VERDE DE MATO GROSSO";1675
"500750 ROCHEDO";367
"500755 SANTA RITA DO PARDO";615
"500769 SAO GABRIEL DO OESTE";1801
"500770 SETE QUEDAS";1014
"500780 SELVIRIA";490
"500790 SIDROLANDIA";3215
"500793 SONORA";1235
"500795 TACURU";1266
"500797 TAQUARUSSU";321
"500800 TERENOS";1249
"500830 TRES LAGOAS";7873
"500840 VICENTINA";423
"510010 ACORIZAL";445
"510020 AGUA BOA";1686
"510025 ALTA FLORESTA";4277
"510030 ALTO ARAGUAIA";1246
"510035 ALTO BOA VISTA";495
"510040 ALTO GARCAS";850
"510050 ALTO PARAGUAI";863
"510060 ALTO TAQUARI";654
"510080 APIACAS";769
"510100 ARAGUAIANA";271
"510120 ARAGUAINHA";90
"510125 ARAPUTANGA";1314
"510130 ARENAPOLIS";1024
"510140 ARIPUANA";1829
"510160 BARAO DE MELGACO";746
"510170 BARRA DO BUGRES";2950
"510180 BARRA DO GARCAS";4665
"510185 BOM JESUS DO ARAGUAIA";483
"510190 BRASNORTE";1378
"510250 CACERES";8452
"510260 CAMPINAPOLIS";2526
"510263 CAMPO NOVO DO PARECIS";2357
"510267 CAMPO VERDE";2517
"510268 CAMPOS DE JULIO";429
"510269 CANABRAVA DO NORTE";539
"510270 CANARANA";1852
"510279 CARLINDA";983
"510285 CASTANHEIRA";761
"510300 CHAPADA DOS GUIMARAES";1758
"510305 CLAUDIA";1016
"510310 COCALINHO";523
"510320 COLIDER";2419
"510325 COLNIZA";2114
"510330 COMODORO";1894
"510335 CONFRESA";2241
"510336 CONQUISTA D'OESTE";279
"510337 COTRIGUACU";1335
"510340 CUIABA";46221
"510343 CURVELANDIA";428
"510345 DENISE";845
"510350 DIAMANTINO";1913
"510360 DOM AQUINO";752
"510370 FELIZ NATAL";1103
"510380 FIGUEIROPOLIS D'OESTE";349
"510385 GAUCHA DO NORTE";680
"510390 GENERAL CARNEIRO";596
"510395 GLORIA D'OESTE";267
"510410 GUARANTA DO NORTE";2765
"510420 GUIRATINGA";1060
"510450 INDIAVAI";245
"510452 IPIRANGA DO NORTE";351
"510454 ITANHANGA";440
"510455 ITAUBA";515
"510460 ITIQUIRA";1014
"510480 JACIARA";2265
"510490 JANGADA";705
"510500 JAURU";1172
"510510 JUARA";3146
"510515 JUINA";3572
"510517 JURUENA";884
"510520 JUSCIMEIRA";1046
"510523 LAMBARI D'OESTE";502
"510525 LUCAS DO RIO VERDE";3223
"510530 LUCIARA";242
"510550 VILA BELA DA SANTISSIMA TRINDADE";1623
"510558 MARCELANDIA";1386
"510560 MATUPA";1201
"510562 MIRASSOL D'OESTE";2227
"510590 NOBRES";1494
"510600 NORTELANDIA";606
"510610 NOSSA SENHORA DO LIVRAMENTO";1131
"510615 NOVA BANDEIRANTES";828
"510617 NOVA NAZARE";379
"510618 NOVA LACERDA";510
"510619 NOVA SANTA HELENA";302
"510620 NOVA BRASILANDIA";472
"510621 NOVA CANAA DO NORTE";1042
"510622 NOVA MUTUM";2254
"510623 NOVA OLIMPIA";1616
"510624 NOVA UBIRATA";765
"510625 NOVA XAVANTINA";1568
"510626 NOVO MUNDO";575
"510627 NOVO HORIZONTE DO NORTE";287
"510628 NOVO SAO JOAQUIM";653
"510629 PARANAITA";902
"510630 PARANATINGA";1804
"510631 NOVO SANTO ANTONIO";171
"510637 PEDRA PRETA";1312
"510642 PEIXOTO DE AZEVEDO";2997
"510645 PLANALTO DA SERRA";309
"510650 POCONE";3178
"510665 PONTAL DO ARAGUAIA";379
"510670 PONTE BRANCA";149
"510675 PONTES E LACERDA";3951
"510677 PORTO ALEGRE DO NORTE";1057
"510680 PORTO DOS GAUCHOS";540
"510682 PORTO ESPERIDIAO";1020
"510685 PORTO ESTRELA";390
"510700 POXOREO";1821
"510704 PRIMAVERA DO LESTE";4288
"510706 QUERENCIA";1104
"510710 SAO JOSE DOS QUATRO MARCOS";1590
"510715 RESERVA DO CABACAL";247
"510718 RIBEIRAO CASCALHEIRA";902
"510719 RIBEIRAOZINHO";181
"510720 RIO BRANCO";408
"510724 SANTA CARMEM";399
"510726 SANTO AFONSO";274
"510729 SAO JOSE DO POVO";245
"510730 SAO JOSE DO RIO CLARO";1386
"510735 SAO JOSE DO XINGU";598
"510740 SAO PEDRO DA CIPA";371
"510757 RONDOLANDIA";422
"510760 RONDONOPOLIS";16091
"510770 ROSARIO OESTE";1649
"510774 SANTA CRUZ DO XINGU";164
"510775 SALTO DO CEU";343
"510776 SANTA RITA DO TRIVELATO";200
"510777 SANTA TEREZINHA";804
"510779 SANTO ANTONIO DO LESTE";269
"510780 SANTO ANTONIO DO LEVERGER";1347
"510785 SAO FELIX DO ARAGUAIA";1017
"510787 SAPEZAL";1428
"510788 SERRA NOVA DOURADA";117
"510790 SINOP";9020
"510792 SORRISO";5114
"510794 TABAPORA";977
"510795 TANGARA DA SERRA";6644
"510800 TAPURAH";729
"510805 TERRA NOVA DO NORTE";987
"510810 TESOURO";308
"510820 TORIXOREU";298
"510830 UNIAO DO SUL";392
"510835 VALE DE SAO DOMINGOS";280
"510840 VARZEA GRANDE";22947
"510850 VERA";1042
"510860 VILA RICA";1866
"510880 NOVA GUARITA";422
"510885 NOVA MARILANDIA";288
"510890 NOVA MARINGA";617
"510895 NOVA MONTE VERDE";711
"520005 ABADIA DE GOIAS";539
"520010 ABADIANIA";1078
"520013 ACREUNA";1739
"520015 ADELANDIA";185
"520017 AGUA FRIA DE GOIAS";469
"520020 AGUA LIMPA";147
"520025 AGUAS LINDAS DE GOIAS";15167
"520030 ALEXANIA";2089
"520050 ALOANDIA";138
"520055 ALTO HORIZONTE";330
"520060 ALTO PARAISO DE GOIAS";688
"520080 ALVORADA DO NORTE";805
"520082 AMARALINA";262
"520085 AMERICANO DO BRASIL";396
"520090 AMORINOPOLIS";252
"520110 ANAPOLIS";26771
"520120 ANHANGUERA";73
"520130 ANICUNS";1493
"520140 APARECIDA DE GOIANIA";38873
"520145 APARECIDA DO RIO DOCE";192
"520150 APORE";373
"520160 ARACU";259
"520170 ARAGARCAS";1497
"520180 ARAGOIANIA";665
"520215 ARAGUAPAZ";654
"520235 ARENOPOLIS";274
"520250 ARUANA";629
"520260 AURILANDIA";227
"520280 AVELINOPOLIS";208
"520310 BALIZA";249
"520320 BARRO ALTO";665
"520330 BELA VISTA DE GOIAS";1756
"520340 BOM JARDIM DE GOIAS";639
"520350 BOM JESUS DE GOIAS";1799
"520355 BONFINOPOLIS";606
"520357 BONOPOLIS";256
"520360 BRAZABRANTES";219
"520380 BRITANIA";437
"520390 BURITI ALEGRE";695
"520393 BURITI DE GOIAS";173
"520396 BURITINOPOLIS";326
"520400 CABECEIRAS";676
"520410 CACHOEIRA ALTA";866
"520420 CACHOEIRA DE GOIAS";106
"520425 CACHOEIRA DOURADA";660
"520430 CACU";950
"520440 CAIAPONIA";1222
"520450 CALDAS NOVAS";5367
"520455 CALDAZINHA";229
"520460 CAMPESTRE DE GOIAS";251
"520465 CAMPINACU";311
"520470 CAMPINORTE";950
"520480 CAMPO ALEGRE DE GOIAS";568
"520485 CAMPO LIMPO DE GOIAS";614
"520490 CAMPOS BELOS";1813
"520495 CAMPOS VERDES";541
"520500 CARMO DO RIO VERDE";651
"520505 CASTELANDIA";313
"520510 CATALAO";6280
"520520 CATURAI";422
"520530 CAVALCANTE";1084
"520540 CERES";1394
"520545 CEZARINA";565
"520547 CHAPADAO DO CEU";595
"520549 CIDADE OCIDENTAL";5308
"520551 COCALZINHO DE GOIAS";1590
"520552 COLINAS DO SUL";387
"520570 CORREGO DO OURO";198
"520580 CORUMBA DE GOIAS";948
"520590 CORUMBAIBA";601
"520620 CRISTALINA";4207
"520630 CRISTIANOPOLIS";241
"520640 CRIXAS";1247
"520650 CROMINIA";269
"520660 CUMARI";221
"520670 DAMIANOPOLIS";276
"520680 DAMOLANDIA";185
"520690 DAVINOPOLIS";176
"520710 DIORAMA";181
"520725 DOVERLANDIA";640
"520735 EDEALINA";265
"520740 EDEIA";845
"520750 ESTRELA DO NORTE";264
"520753 FAINA";551
"520760 FAZENDA NOVA";472
"520780 FIRMINOPOLIS";710
"520790 FLORES DE GOIAS";965
"520800 FORMOSA";8519
"520810 FORMOSO";400
"520815 GAMELEIRA DE GOIAS";281
"520830 DIVINOPOLIS DE GOIAS";515
"520840 GOIANAPOLIS";1025
"520850 GOIANDIRA";376
"520860 GOIANESIA";4859
"520870 GOIANIA";94593
"520880 GOIANIRA";2825
"520890 GOIAS";1949
"520910 GOIATUBA";2688
"520915 GOUVELANDIA";457
"520920 GUAPO";1171
"520929 GUARAITA";166
"520940 GUARANI DE GOIAS";437
"520945 GUARINOS";182
"520960 HEITORAI";271
"520970 HIDROLANDIA";1352
"520980 HIDROLINA";320
"520990 IACIARA";1419
"520993 INACIOLANDIA";521
"520995 INDIARA";1143
"521000 INHUMAS";3489
"521010 IPAMERI";1828
"521015 IPIRANGA DE GOIAS";196
"521020 IPORA";2212
"521030 ISRAELANDIA";183
"521040 ITABERAI";2628
"521056 ITAGUARI";351
"521060 ITAGUARU";368
"521080 ITAJA";414
"521090 ITAPACI";1405
"521100 ITAPIRAPUA";665
"521120 ITAPURANGA";1956
"521130 ITARUMA";506
"521140 ITAUCU";566
"521150 ITUMBIARA";6953
"521160 IVOLANDIA";196
"521170 JANDAIA";466
"521180 JARAGUA";3360
"521190 JATAI";7394
"521200 JAUPACI";208
"521205 JESUPOLIS";179
"521210 JOVIANIA";580
"521220 JUSSARA";1468
"521225 LAGOA SANTA";71
"521230 LEOPOLDO DE BULHOES";637
"521250 LUZIANIA";16795
"521260 MAIRIPOTABA";162
"521270 MAMBAI";666
"521280 MARA ROSA";951
"521290 MARZAGAO";161
"521295 MATRINCHA";357
"521300 MAURILANDIA";1115
"521305 MIMOSO DE GOIAS";239
"521308 MINACU";2646
"521310 MINEIROS";4034
"521340 MOIPORA";125
"521350 MONTE ALEGRE DE GOIAS";875
"521370 MONTES CLAROS DE GOIAS";572
"521375 MONTIVIDIU";856
"521377 MONTIVIDIU DO NORTE";355
"521380 MORRINHOS";2987
"521385 MORRO AGUDO DE GOIAS";163
"521390 MOSSAMEDES";328
"521400 MOZARLANDIA";1099
"521405 MUNDO NOVO";617
"521410 MUTUNOPOLIS";305
"521440 NAZARIO";560
"521450 NEROPOLIS";1935
"521460 NIQUELANDIA";3690
"521470 NOVA AMERICA";145
"521480 NOVA AURORA";169
"521483 NOVA CRIXAS";1062
"521486 NOVA GLORIA";623
"521487 NOVA IGUACU DE GOIAS";249
"521490 NOVA ROMA";388
"521500 NOVA VENEZA";611
"521520 NOVO BRASIL";245
"521523 NOVO GAMA";9525
"521525 NOVO PLANALTO";296
"521530 ORIZONA";957
"521540 OURO VERDE DE GOIAS";281
"521550 OUVIDOR";405
"521560 PADRE BERNARDO";2639
"521565 PALESTINA DE GOIAS";230
"521570 PALMEIRAS DE GOIAS";1597
"521580 PALMELO";163
"521590 PALMINOPOLIS";240
"521600 PANAMA";213
"521630 PARANAIGUARA";713
"521640 PARAUNA";967
"521645 PEROLANDIA";249
"521680 PETROLINA DE GOIAS";731
"521690 PILAR DE GOIAS";202
"521710 PIRACANJUBA";1719
"521720 PIRANHAS";811
"521730 PIRENOPOLIS";1918
"521740 PIRES DO RIO";2016
"521760 PLANALTINA";8207
"521770 PONTALINA";1174
"521800 PORANGATU";3807
"521805 PORTEIRAO";317
"521810 PORTELANDIA";308
"521830 POSSE";3042
"521839 PROFESSOR JAMIL";266
"521850 QUIRINOPOLIS";3415
"521860 RIALMA";700
"521870 RIANAPOLIS";406
"521878 RIO QUENTE";263
"521880 RIO VERDE";13768
"521890 RUBIATABA";1432
"521900 SANCLERLANDIA";531
"521910 SANTA BARBARA DE GOIAS";505
"521920 SANTA CRUZ DE GOIAS";253
"521925 SANTA FE DE GOIAS";396
"521930 SANTA HELENA DE GOIAS";3028
"521935 SANTA ISABEL";243
"521940 SANTA RITA DO ARAGUAIA";540
"521945 SANTA RITA DO NOVO DESTINO";251
"521950 SANTA ROSA DE GOIAS";225
"521960 SANTA TEREZA DE GOIAS";397
"521970 SANTA TEREZINHA DE GOIAS";845
"521971 SANTO ANTONIO DA BARRA";368
"521973 SANTO ANTONIO DE GOIAS";356
"521975 SANTO ANTONIO DO DESCOBERTO";6359
"521980 SAO DOMINGOS";1115
"521990 SAO FRANCISCO DE GOIAS";542
"522000 SAO JOAO D'ALIANCA";977
"522005 SAO JOAO DA PARAUNA";141
"522010 SAO LUIS DE MONTES BELOS";2080
"522015 SAO LUIZ DO NORTE";419
"522020 SAO MIGUEL DO ARAGUAIA";1777
"522026 SAO MIGUEL DO PASSA QUATRO";334
"522028 SAO PATRICIO";130
"522040 SAO SIMAO";1136
"522045 SENADOR CANEDO";7138
"522050 SERRANOPOLIS";580
"522060 SILVANIA";1468
"522068 SIMOLANDIA";723
"522070 SITIO D'ABADIA";262
"522100 TAQUARAL DE GOIAS";184
"522108 TERESINA DE GOIAS";354
"522119 TEREZOPOLIS DE GOIAS";582
"522130 TRES RANCHOS";194
"522140 TRINDADE";8400
"522145 TROMBAS";302
"522150 TURVANIA";343
"522155 TURVELANDIA";424
"522157 UIRAPURU";247
"522160 URUACU";3097
"522170 URUANA";1096
"522180 URUTAI";228
"522185 VALPARAISO DE GOIAS";11973
"522190 VARJAO";268
"522200 VIANOPOLIS";996
"522205 VICENTINOPOLIS";647
"522220 VILA BOA";482
"522230 VILA PROPICIO";435
"530010 BRASILIA";214740
"Total";15931771
 Fonte:
 
 2000 a 2021 – Estimativas preliminares elaboradas pelo Ministério da Saúde/SVSA/DAENT/CGIAE

